5,9,3,7,1,7,11,16,21,16,12
5,9,3,7,1,7,11,16,21,16,22
5,9,3,7,1,7,11,16,21,22,16
5,9,3,7,1,7,11,16,21,22,18
5,9,3,7,3,7,11,16,21,16,12
5,9,3,7,3,7,11,16,21,16,22
5,9,3,7,3,7,11,16,21,22,16
5,9,3,7,3,7,11,16,21,22,18
5,9,3,7,11,7,11,16,21,16,12
5,9,3,7,11,7,11,16,21,16,22
5,9,3,7,11,7,11,16,21,22,16
5,9,3,7,11,7,11,16,21,22,18
5,9,3,7,11,17,11,16,21,16,12
5,9,3,7,11,17,11,16,21,16,22
5,9,3,7,11,17,11,16,21,22,16
5,9,3,7,11,17,11,16,21,22,18
5,9,3,7,11,17,21,16,11,6,2
5,9,3,7,11,17,21,16,11,6,12
5,9,3,7,11,17,21,16,11,12,6
5,9,3,7,11,17,21,16,11,12,8
5,9,3,7,11,17,21,16,11,12,16
5,9,3,7,11,17,21,16,11,12,18
5,9,3,7,11,17,21,16,11,16,12
5,9,3,7,11,17,21,16,11,16,22
5,9,3,7,11,17,21,16,17,12,6
5,9,3,7,11,17,21,16,17,12,8
5,9,3,7,11,17,21,16,17,12,16
5,9,3,7,11,17,21,16,17,12,18
5,9,3,7,11,17,21,16,17,16,12
5,9,3,7,11,17,21,16,17,16,22
5,9,3,7,11,17,21,16,17,18,12
5,9,3,7,11,17,21,16,17,18,14
5,9,3,7,11,17,21,16,17,18,22
5,9,3,7,11,17,21,16,17,18,24
5,9,3,7,11,17,21,16,17,22,16
5,9,3,7,11,17,21,16,17,22,18
5,9,3,7,11,17,21,16,16,12
5,9,3,7,11,17,21,16,16,22
5,9,3,7,11,17,21,16,22,16
5,9,3,7,11,17,21,16,22,18
5,9,3,7,11,17,21,22,17,12,6
5,9,3,7,11,17,21,22,17,12,8
5,9,3,7,11,17,21,22,17,12,16
5,9,3,7,11,17,21,22,17,12,18
5,9,3,7,11,17,21,22,17,16,12
5,9,3,7,11,17,21,22,17,16,22
5,9,3,7,11,17,21,22,17,18,12
5,9,3,7,11,17,21,22,17,18,14
5,9,3,7,11,17,21,22,17,18,22
5,9,3,7,11,17,21,22,17,18,24
5,9,3,7,11,17,21,22,17,22,16
5,9,3,7,11,17,21,22,17,22,18
5,9,3,7,11,17,21,22,16,12
5,9,3,7,11,17,21,22,16,22
5,9,3,7,11,17,21,22,22,16
5,9,3,7,11,17,21,22,22,18
5,9,3,7,11,17,21,22,23,18,12
5,9,3,7,11,17,21,22,23,18,14
5,9,3,7,11,17,21,22,23,18,22
5,9,3,7,11,17,21,22,23,18,24
5,9,3,7,11,17,21,22,23,22,16
5,9,3,7,11,17,21,22,23,22,18
5,9,3,7,11,17,21,22,23,24,18
5,9,3,7,11,17,21,22,23,24,20
5,9,3,7,11,17,23,22,21,16,12
5,9,3,7,11,17,23,22,21,16,22
5,9,3,7,11,17,23,22,21,22,16
5,9,3,7,11,17,23,22,21,22,18
5,9,3,7,13,7,11,16,21,16,12
5,9,3,7,13,7,11,16,21,16,22
5,9,3,7,13,7,11,16,21,22,16
5,9,3,7,13,7,11,16,21,22,18
5,9,3,7,13,17,11,16,21,16,12
5,9,3,7,13,17,11,16,21,16,22
5,9,3,7,13,17,11,16,21,22,16
5,9,3,7,13,17,11,16,21,22,18
5,9,3,7,13,17,21,16,11,6,2
5,9,3,7,13,17,21,16,11,6,12
5,9,3,7,13,17,21,16,11,12,6
5,9,3,7,13,17,21,16,11,12,8
5,9,3,7,13,17,21,16,11,12,16
5,9,3,7,13,17,21,16,11,12,18
5,9,3,7,13,17,21,16,11,16,12
5,9,3,7,13,17,21,16,11,16,22
5,9,3,7,13,17,21,16,17,12,6
5,9,3,7,13,17,21,16,17,12,8
5,9,3,7,13,17,21,16,17,12,16
5,9,3,7,13,17,21,16,17,12,18
5,9,3,7,13,17,21,16,17,16,12
5,9,3,7,13,17,21,16,17,16,22
5,9,3,7,13,17,21,16,17,18,12
5,9,3,7,13,17,21,16,17,18,14
5,9,3,7,13,17,21,16,17,18,22
5,9,3,7,13,17,21,16,17,18,24
5,9,3,7,13,17,21,16,17,22,16
5,9,3,7,13,17,21,16,17,22,18
5,9,3,7,13,17,21,16,16,12
5,9,3,7,13,17,21,16,16,22
5,9,3,7,13,17,21,16,22,16
5,9,3,7,13,17,21,16,22,18
5,9,3,7,13,17,21,22,17,12,6
5,9,3,7,13,17,21,22,17,12,8
5,9,3,7,13,17,21,22,17,12,16
5,9,3,7,13,17,21,22,17,12,18
5,9,3,7,13,17,21,22,17,16,12
5,9,3,7,13,17,21,22,17,16,22
5,9,3,7,13,17,21,22,17,18,12
5,9,3,7,13,17,21,22,17,18,14
5,9,3,7,13,17,21,22,17,18,22
5,9,3,7,13,17,21,22,17,18,24
5,9,3,7,13,17,21,22,17,22,16
5,9,3,7,13,17,21,22,17,22,18
5,9,3,7,13,17,21,22,16,12
5,9,3,7,13,17,21,22,16,22
5,9,3,7,13,17,21,22,22,16
5,9,3,7,13,17,21,22,22,18
5,9,3,7,13,17,21,22,23,18,12
5,9,3,7,13,17,21,22,23,18,14
5,9,3,7,13,17,21,22,23,18,22
5,9,3,7,13,17,21,22,23,18,24
5,9,3,7,13,17,21,22,23,22,16
5,9,3,7,13,17,21,22,23,22,18
5,9,3,7,13,17,21,22,23,24,18
5,9,3,7,13,17,21,22,23,24,20
5,9,3,7,13,17,23,22,21,16,12
5,9,3,7,13,17,23,22,21,16,22
5,9,3,7,13,17,23,22,21,22,16
5,9,3,7,13,17,23,22,21,22,18
5,9,3,7,13,19,23,22,21,16,12
5,9,3,7,13,19,23,22,21,16,22
5,9,3,7,13,19,23,22,21,22,16
5,9,3,7,13,19,23,22,21,22,18
5,9,3,9,3,7,11,16,21,16,12
5,9,3,9,3,7,11,16,21,16,22
5,9,3,9,3,7,11,16,21,22,16
5,9,3,9,3,7,11,16,21,22,18
5,9,3,9,13,7,11,16,21,16,12
5,9,3,9,13,7,11,16,21,16,22
5,9,3,9,13,7,11,16,21,22,16
5,9,3,9,13,7,11,16,21,22,18
5,9,3,9,13,17,11,16,21,16,12
5,9,3,9,13,17,11,16,21,16,22
5,9,3,9,13,17,11,16,21,22,16
5,9,3,9,13,17,11,16,21,22,18
5,9,3,9,13,17,21,16,11,6,2
5,9,3,9,13,17,21,16,11,6,12
5,9,3,9,13,17,21,16,11,12,6
5,9,3,9,13,17,21,16,11,12,8
5,9,3,9,13,17,21,16,11,12,16
5,9,3,9,13,17,21,16,11,12,18
5,9,3,9,13,17,21,16,11,16,12
5,9,3,9,13,17,21,16,11,16,22
5,9,3,9,13,17,21,16,17,12,6
5,9,3,9,13,17,21,16,17,12,8
5,9,3,9,13,17,21,16,17,12,16
5,9,3,9,13,17,21,16,17,12,18
5,9,3,9,13,17,21,16,17,16,12
5,9,3,9,13,17,21,16,17,16,22
5,9,3,9,13,17,21,16,17,18,12
5,9,3,9,13,17,21,16,17,18,14
5,9,3,9,13,17,21,16,17,18,22
5,9,3,9,13,17,21,16,17,18,24
5,9,3,9,13,17,21,16,17,22,16
5,9,3,9,13,17,21,16,17,22,18
5,9,3,9,13,17,21,16,16,12
5,9,3,9,13,17,21,16,16,22
5,9,3,9,13,17,21,16,22,16
5,9,3,9,13,17,21,16,22,18
5,9,3,9,13,17,21,22,17,12,6
5,9,3,9,13,17,21,22,17,12,8
5,9,3,9,13,17,21,22,17,12,16
5,9,3,9,13,17,21,22,17,12,18
5,9,3,9,13,17,21,22,17,16,12
5,9,3,9,13,17,21,22,17,16,22
5,9,3,9,13,17,21,22,17,18,12
5,9,3,9,13,17,21,22,17,18,14
5,9,3,9,13,17,21,22,17,18,22
5,9,3,9,13,17,21,22,17,18,24
5,9,3,9,13,17,21,22,17,22,16
5,9,3,9,13,17,21,22,17,22,18
5,9,3,9,13,17,21,22,16,12
5,9,3,9,13,17,21,22,16,22
5,9,3,9,13,17,21,22,22,16
5,9,3,9,13,17,21,22,22,18
5,9,3,9,13,17,21,22,23,18,12
5,9,3,9,13,17,21,22,23,18,14
5,9,3,9,13,17,21,22,23,18,22
5,9,3,9,13,17,21,22,23,18,24
5,9,3,9,13,17,21,22,23,22,16
5,9,3,9,13,17,21,22,23,22,18
5,9,3,9,13,17,21,22,23,24,18
5,9,3,9,13,17,21,22,23,24,20
5,9,3,9,13,17,23,22,21,16,12
5,9,3,9,13,17,23,22,21,16,22
5,9,3,9,13,17,23,22,21,22,16
5,9,3,9,13,17,23,22,21,22,18
5,9,3,9,13,19,23,22,21,16,12
5,9,3,9,13,19,23,22,21,16,22
5,9,3,9,13,19,23,22,21,22,16
5,9,3,9,13,19,23,22,21,22,18
5,9,3,9,15,19,23,22,21,16,12
5,9,3,9,15,19,23,22,21,16,22
5,9,3,9,15,19,23,22,21,22,16
5,9,3,9,15,19,23,22,21,22,18
5,9,5,9,3,7,11,16,21,16,12
5,9,5,9,3,7,11,16,21,16,22
5,9,5,9,3,7,11,16,21,22,16
5,9,5,9,3,7,11,16,21,22,18
5,9,5,9,13,7,11,16,21,16,12
5,9,5,9,13,7,11,16,21,16,22
5,9,5,9,13,7,11,16,21,22,16
5,9,5,9,13,7,11,16,21,22,18
5,9,5,9,13,17,11,16,21,16,12
5,9,5,9,13,17,11,16,21,16,22
5,9,5,9,13,17,11,16,21,22,16
5,9,5,9,13,17,11,16,21,22,18
5,9,5,9,13,17,21,16,11,6,2
5,9,5,9,13,17,21,16,11,6,12
5,9,5,9,13,17,21,16,11,12,6
5,9,5,9,13,17,21,16,11,12,8
5,9,5,9,13,17,21,16,11,12,16
5,9,5,9,13,17,21,16,11,12,18
5,9,5,9,13,17,21,16,11,16,12
5,9,5,9,13,17,21,16,11,16,22
5,9,5,9,13,17,21,16,17,12,6
5,9,5,9,13,17,21,16,17,12,8
5,9,5,9,13,17,21,16,17,12,16
5,9,5,9,13,17,21,16,17,12,18
5,9,5,9,13,17,21,16,17,16,12
5,9,5,9,13,17,21,16,17,16,22
5,9,5,9,13,17,21,16,17,18,12
5,9,5,9,13,17,21,16,17,18,14
5,9,5,9,13,17,21,16,17,18,22
5,9,5,9,13,17,21,16,17,18,24
5,9,5,9,13,17,21,16,17,22,16
5,9,5,9,13,17,21,16,17,22,18
5,9,5,9,13,17,21,16,16,12
5,9,5,9,13,17,21,16,16,22
5,9,5,9,13,17,21,16,22,16
5,9,5,9,13,17,21,16,22,18
5,9,5,9,13,17,21,22,17,12,6
5,9,5,9,13,17,21,22,17,12,8
5,9,5,9,13,17,21,22,17,12,16
5,9,5,9,13,17,21,22,17,12,18
5,9,5,9,13,17,21,22,17,16,12
5,9,5,9,13,17,21,22,17,16,22
5,9,5,9,13,17,21,22,17,18,12
5,9,5,9,13,17,21,22,17,18,14
5,9,5,9,13,17,21,22,17,18,22
5,9,5,9,13,17,21,22,17,18,24
5,9,5,9,13,17,21,22,17,22,16
5,9,5,9,13,17,21,22,17,22,18
5,9,5,9,13,17,21,22,16,12
5,9,5,9,13,17,21,22,16,22
5,9,5,9,13,17,21,22,22,16
5,9,5,9,13,17,21,22,22,18
5,9,5,9,13,17,21,22,23,18,12
5,9,5,9,13,17,21,22,23,18,14
5,9,5,9,13,17,21,22,23,18,22
5,9,5,9,13,17,21,22,23,18,24
5,9,5,9,13,17,21,22,23,22,16
5,9,5,9,13,17,21,22,23,22,18
5,9,5,9,13,17,21,22,23,24,18
5,9,5,9,13,17,21,22,23,24,20
5,9,5,9,13,17,23,22,21,16,12
5,9,5,9,13,17,23,22,21,16,22
5,9,5,9,13,17,23,22,21,22,16
5,9,5,9,13,17,23,22,21,22,18
5,9,5,9,13,19,23,22,21,16,12
5,9,5,9,13,19,23,22,21,16,22
5,9,5,9,13,19,23,22,21,22,16
5,9,5,9,13,19,23,22,21,22,18
5,9,5,9,15,19,23,22,21,16,12
5,9,5,9,15,19,23,22,21,16,22
5,9,5,9,15,19,23,22,21,22,16
5,9,5,9,15,19,23,22,21,22,18
5,9,13,7,1,7,11,16,21,16,12
5,9,13,7,1,7,11,16,21,16,22
5,9,13,7,1,7,11,16,21,22,16
5,9,13,7,1,7,11,16,21,22,18
5,9,13,7,3,7,11,16,21,16,12
5,9,13,7,3,7,11,16,21,16,22
5,9,13,7,3,7,11,16,21,22,16
5,9,13,7,3,7,11,16,21,22,18
5,9,13,7,11,7,11,16,21,16,12
5,9,13,7,11,7,11,16,21,16,22
5,9,13,7,11,7,11,16,21,22,16
5,9,13,7,11,7,11,16,21,22,18
5,9,13,7,11,17,11,16,21,16,12
5,9,13,7,11,17,11,16,21,16,22
5,9,13,7,11,17,11,16,21,22,16
5,9,13,7,11,17,11,16,21,22,18
5,9,13,7,11,17,21,16,11,6,2
5,9,13,7,11,17,21,16,11,6,12
5,9,13,7,11,17,21,16,11,12,6
5,9,13,7,11,17,21,16,11,12,8
5,9,13,7,11,17,21,16,11,12,16
5,9,13,7,11,17,21,16,11,12,18
5,9,13,7,11,17,21,16,11,16,12
5,9,13,7,11,17,21,16,11,16,22
5,9,13,7,11,17,21,16,17,12,6
5,9,13,7,11,17,21,16,17,12,8
5,9,13,7,11,17,21,16,17,12,16
5,9,13,7,11,17,21,16,17,12,18
5,9,13,7,11,17,21,16,17,16,12
5,9,13,7,11,17,21,16,17,16,22
5,9,13,7,11,17,21,16,17,18,12
5,9,13,7,11,17,21,16,17,18,14
5,9,13,7,11,17,21,16,17,18,22
5,9,13,7,11,17,21,16,17,18,24
5,9,13,7,11,17,21,16,17,22,16
5,9,13,7,11,17,21,16,17,22,18
5,9,13,7,11,17,21,16,16,12
5,9,13,7,11,17,21,16,16,22
5,9,13,7,11,17,21,16,22,16
5,9,13,7,11,17,21,16,22,18
5,9,13,7,11,17,21,22,17,12,6
5,9,13,7,11,17,21,22,17,12,8
5,9,13,7,11,17,21,22,17,12,16
5,9,13,7,11,17,21,22,17,12,18
5,9,13,7,11,17,21,22,17,16,12
5,9,13,7,11,17,21,22,17,16,22
5,9,13,7,11,17,21,22,17,18,12
5,9,13,7,11,17,21,22,17,18,14
5,9,13,7,11,17,21,22,17,18,22
5,9,13,7,11,17,21,22,17,18,24
5,9,13,7,11,17,21,22,17,22,16
5,9,13,7,11,17,21,22,17,22,18
5,9,13,7,11,17,21,22,16,12
5,9,13,7,11,17,21,22,16,22
5,9,13,7,11,17,21,22,22,16
5,9,13,7,11,17,21,22,22,18
5,9,13,7,11,17,21,22,23,18,12
5,9,13,7,11,17,21,22,23,18,14
5,9,13,7,11,17,21,22,23,18,22
5,9,13,7,11,17,21,22,23,18,24
5,9,13,7,11,17,21,22,23,22,16
5,9,13,7,11,17,21,22,23,22,18
5,9,13,7,11,17,21,22,23,24,18
5,9,13,7,11,17,21,22,23,24,20
5,9,13,7,11,17,23,22,21,16,12
5,9,13,7,11,17,23,22,21,16,22
5,9,13,7,11,17,23,22,21,22,16
5,9,13,7,11,17,23,22,21,22,18
5,9,13,7,13,7,11,16,21,16,12
5,9,13,7,13,7,11,16,21,16,22
5,9,13,7,13,7,11,16,21,22,16
5,9,13,7,13,7,11,16,21,22,18
5,9,13,7,13,17,11,16,21,16,12
5,9,13,7,13,17,11,16,21,16,22
5,9,13,7,13,17,11,16,21,22,16
5,9,13,7,13,17,11,16,21,22,18
5,9,13,7,13,17,21,16,11,6,2
5,9,13,7,13,17,21,16,11,6,12
5,9,13,7,13,17,21,16,11,12,6
5,9,13,7,13,17,21,16,11,12,8
5,9,13,7,13,17,21,16,11,12,16
5,9,13,7,13,17,21,16,11,12,18
5,9,13,7,13,17,21,16,11,16,12
5,9,13,7,13,17,21,16,11,16,22
5,9,13,7,13,17,21,16,17,12,6
5,9,13,7,13,17,21,16,17,12,8
5,9,13,7,13,17,21,16,17,12,16
5,9,13,7,13,17,21,16,17,12,18
5,9,13,7,13,17,21,16,17,16,12
5,9,13,7,13,17,21,16,17,16,22
5,9,13,7,13,17,21,16,17,18,12
5,9,13,7,13,17,21,16,17,18,14
5,9,13,7,13,17,21,16,17,18,22
5,9,13,7,13,17,21,16,17,18,24
5,9,13,7,13,17,21,16,17,22,16
5,9,13,7,13,17,21,16,17,22,18
5,9,13,7,13,17,21,16,16,12
5,9,13,7,13,17,21,16,16,22
5,9,13,7,13,17,21,16,22,16
5,9,13,7,13,17,21,16,22,18
5,9,13,7,13,17,21,22,17,12,6
5,9,13,7,13,17,21,22,17,12,8
5,9,13,7,13,17,21,22,17,12,16
5,9,13,7,13,17,21,22,17,12,18
5,9,13,7,13,17,21,22,17,16,12
5,9,13,7,13,17,21,22,17,16,22
5,9,13,7,13,17,21,22,17,18,12
5,9,13,7,13,17,21,22,17,18,14
5,9,13,7,13,17,21,22,17,18,22
5,9,13,7,13,17,21,22,17,18,24
5,9,13,7,13,17,21,22,17,22,16
5,9,13,7,13,17,21,22,17,22,18
5,9,13,7,13,17,21,22,16,12
5,9,13,7,13,17,21,22,16,22
5,9,13,7,13,17,21,22,22,16
5,9,13,7,13,17,21,22,22,18
5,9,13,7,13,17,21,22,23,18,12
5,9,13,7,13,17,21,22,23,18,14
5,9,13,7,13,17,21,22,23,18,22
5,9,13,7,13,17,21,22,23,18,24
5,9,13,7,13,17,21,22,23,22,16
5,9,13,7,13,17,21,22,23,22,18
5,9,13,7,13,17,21,22,23,24,18
5,9,13,7,13,17,21,22,23,24,20
5,9,13,7,13,17,23,22,21,16,12
5,9,13,7,13,17,23,22,21,16,22
5,9,13,7,13,17,23,22,21,22,16
5,9,13,7,13,17,23,22,21,22,18
5,9,13,7,13,19,23,22,21,16,12
5,9,13,7,13,19,23,22,21,16,22
5,9,13,7,13,19,23,22,21,22,16
5,9,13,7,13,19,23,22,21,22,18
5,9,13,9,3,7,11,16,21,16,12
5,9,13,9,3,7,11,16,21,16,22
5,9,13,9,3,7,11,16,21,22,16
5,9,13,9,3,7,11,16,21,22,18
5,9,13,9,13,7,11,16,21,16,12
5,9,13,9,13,7,11,16,21,16,22
5,9,13,9,13,7,11,16,21,22,16
5,9,13,9,13,7,11,16,21,22,18
5,9,13,9,13,17,11,16,21,16,12
5,9,13,9,13,17,11,16,21,16,22
5,9,13,9,13,17,11,16,21,22,16
5,9,13,9,13,17,11,16,21,22,18
5,9,13,9,13,17,21,16,11,6,2
5,9,13,9,13,17,21,16,11,6,12
5,9,13,9,13,17,21,16,11,12,6
5,9,13,9,13,17,21,16,11,12,8
5,9,13,9,13,17,21,16,11,12,16
5,9,13,9,13,17,21,16,11,12,18
5,9,13,9,13,17,21,16,11,16,12
5,9,13,9,13,17,21,16,11,16,22
5,9,13,9,13,17,21,16,17,12,6
5,9,13,9,13,17,21,16,17,12,8
5,9,13,9,13,17,21,16,17,12,16
5,9,13,9,13,17,21,16,17,12,18
5,9,13,9,13,17,21,16,17,16,12
5,9,13,9,13,17,21,16,17,16,22
5,9,13,9,13,17,21,16,17,18,12
5,9,13,9,13,17,21,16,17,18,14
5,9,13,9,13,17,21,16,17,18,22
5,9,13,9,13,17,21,16,17,18,24
5,9,13,9,13,17,21,16,17,22,16
5,9,13,9,13,17,21,16,17,22,18
5,9,13,9,13,17,21,16,16,12
5,9,13,9,13,17,21,16,16,22
5,9,13,9,13,17,21,16,22,16
5,9,13,9,13,17,21,16,22,18
5,9,13,9,13,17,21,22,17,12,6
5,9,13,9,13,17,21,22,17,12,8
5,9,13,9,13,17,21,22,17,12,16
5,9,13,9,13,17,21,22,17,12,18
5,9,13,9,13,17,21,22,17,16,12
5,9,13,9,13,17,21,22,17,16,22
5,9,13,9,13,17,21,22,17,18,12
5,9,13,9,13,17,21,22,17,18,14
5,9,13,9,13,17,21,22,17,18,22
5,9,13,9,13,17,21,22,17,18,24
5,9,13,9,13,17,21,22,17,22,16
5,9,13,9,13,17,21,22,17,22,18
5,9,13,9,13,17,21,22,16,12
5,9,13,9,13,17,21,22,16,22
5,9,13,9,13,17,21,22,22,16
5,9,13,9,13,17,21,22,22,18
5,9,13,9,13,17,21,22,23,18,12
5,9,13,9,13,17,21,22,23,18,14
5,9,13,9,13,17,21,22,23,18,22
5,9,13,9,13,17,21,22,23,18,24
5,9,13,9,13,17,21,22,23,22,16
5,9,13,9,13,17,21,22,23,22,18
5,9,13,9,13,17,21,22,23,24,18
5,9,13,9,13,17,21,22,23,24,20
5,9,13,9,13,17,23,22,21,16,12
5,9,13,9,13,17,23,22,21,16,22
5,9,13,9,13,17,23,22,21,22,16
5,9,13,9,13,17,23,22,21,22,18
5,9,13,9,13,19,23,22,21,16,12
5,9,13,9,13,19,23,22,21,16,22
5,9,13,9,13,19,23,22,21,22,16
5,9,13,9,13,19,23,22,21,22,18
5,9,13,9,15,19,23,22,21,16,12
5,9,13,9,15,19,23,22,21,16,22
5,9,13,9,15,19,23,22,21,22,16
5,9,13,9,15,19,23,22,21,22,18
5,9,13,17,11,7,11,16,21,16,12
5,9,13,17,11,7,11,16,21,16,22
5,9,13,17,11,7,11,16,21,22,16
5,9,13,17,11,7,11,16,21,22,18
5,9,13,17,11,17,11,16,21,16,12
5,9,13,17,11,17,11,16,21,16,22
5,9,13,17,11,17,11,16,21,22,16
5,9,13,17,11,17,11,16,21,22,18
5,9,13,17,11,17,21,16,11,6,2
5,9,13,17,11,17,21,16,11,6,12
5,9,13,17,11,17,21,16,11,12,6
5,9,13,17,11,17,21,16,11,12,8
5,9,13,17,11,17,21,16,11,12,16
5,9,13,17,11,17,21,16,11,12,18
5,9,13,17,11,17,21,16,11,16,12
5,9,13,17,11,17,21,16,11,16,22
5,9,13,17,11,17,21,16,17,12,6
5,9,13,17,11,17,21,16,17,12,8
5,9,13,17,11,17,21,16,17,12,16
5,9,13,17,11,17,21,16,17,12,18
5,9,13,17,11,17,21,16,17,16,12
5,9,13,17,11,17,21,16,17,16,22
5,9,13,17,11,17,21,16,17,18,12
5,9,13,17,11,17,21,16,17,18,14
5,9,13,17,11,17,21,16,17,18,22
5,9,13,17,11,17,21,16,17,18,24
5,9,13,17,11,17,21,16,17,22,16
5,9,13,17,11,17,21,16,17,22,18
5,9,13,17,11,17,21,16,16,12
5,9,13,17,11,17,21,16,16,22
5,9,13,17,11,17,21,16,22,16
5,9,13,17,11,17,21,16,22,18
5,9,13,17,11,17,21,22,17,12,6
5,9,13,17,11,17,21,22,17,12,8
5,9,13,17,11,17,21,22,17,12,16
5,9,13,17,11,17,21,22,17,12,18
5,9,13,17,11,17,21,22,17,16,12
5,9,13,17,11,17,21,22,17,16,22
5,9,13,17,11,17,21,22,17,18,12
5,9,13,17,11,17,21,22,17,18,14
5,9,13,17,11,17,21,22,17,18,22
5,9,13,17,11,17,21,22,17,18,24
5,9,13,17,11,17,21,22,17,22,16
5,9,13,17,11,17,21,22,17,22,18
5,9,13,17,11,17,21,22,16,12
5,9,13,17,11,17,21,22,16,22
5,9,13,17,11,17,21,22,22,16
5,9,13,17,11,17,21,22,22,18
5,9,13,17,11,17,21,22,23,18,12
5,9,13,17,11,17,21,22,23,18,14
5,9,13,17,11,17,21,22,23,18,22
5,9,13,17,11,17,21,22,23,18,24
5,9,13,17,11,17,21,22,23,22,16
5,9,13,17,11,17,21,22,23,22,18
5,9,13,17,11,17,21,22,23,24,18
5,9,13,17,11,17,21,22,23,24,20
5,9,13,17,11,17,23,22,21,16,12
5,9,13,17,11,17,23,22,21,16,22
5,9,13,17,11,17,23,22,21,22,16
5,9,13,17,11,17,23,22,21,22,18
5,9,13,17,13,7,11,16,21,16,12
5,9,13,17,13,7,11,16,21,16,22
5,9,13,17,13,7,11,16,21,22,16
5,9,13,17,13,7,11,16,21,22,18
5,9,13,17,13,17,11,16,21,16,12
5,9,13,17,13,17,11,16,21,16,22
5,9,13,17,13,17,11,16,21,22,16
5,9,13,17,13,17,11,16,21,22,18
5,9,13,17,13,17,21,16,11,6,2
5,9,13,17,13,17,21,16,11,6,12
5,9,13,17,13,17,21,16,11,12,6
5,9,13,17,13,17,21,16,11,12,8
5,9,13,17,13,17,21,16,11,12,16
5,9,13,17,13,17,21,16,11,12,18
5,9,13,17,13,17,21,16,11,16,12
5,9,13,17,13,17,21,16,11,16,22
5,9,13,17,13,17,21,16,17,12,6
5,9,13,17,13,17,21,16,17,12,8
5,9,13,17,13,17,21,16,17,12,16
5,9,13,17,13,17,21,16,17,12,18
5,9,13,17,13,17,21,16,17,16,12
5,9,13,17,13,17,21,16,17,16,22
5,9,13,17,13,17,21,16,17,18,12
5,9,13,17,13,17,21,16,17,18,14
5,9,13,17,13,17,21,16,17,18,22
5,9,13,17,13,17,21,16,17,18,24
5,9,13,17,13,17,21,16,17,22,16
5,9,13,17,13,17,21,16,17,22,18
5,9,13,17,13,17,21,16,16,12
5,9,13,17,13,17,21,16,16,22
5,9,13,17,13,17,21,16,22,16
5,9,13,17,13,17,21,16,22,18
5,9,13,17,13,17,21,22,17,12,6
5,9,13,17,13,17,21,22,17,12,8
5,9,13,17,13,17,21,22,17,12,16
5,9,13,17,13,17,21,22,17,12,18
5,9,13,17,13,17,21,22,17,16,12
5,9,13,17,13,17,21,22,17,16,22
5,9,13,17,13,17,21,22,17,18,12
5,9,13,17,13,17,21,22,17,18,14
5,9,13,17,13,17,21,22,17,18,22
5,9,13,17,13,17,21,22,17,18,24
5,9,13,17,13,17,21,22,17,22,16
5,9,13,17,13,17,21,22,17,22,18
5,9,13,17,13,17,21,22,16,12
5,9,13,17,13,17,21,22,16,22
5,9,13,17,13,17,21,22,22,16
5,9,13,17,13,17,21,22,22,18
5,9,13,17,13,17,21,22,23,18,12
5,9,13,17,13,17,21,22,23,18,14
5,9,13,17,13,17,21,22,23,18,22
5,9,13,17,13,17,21,22,23,18,24
5,9,13,17,13,17,21,22,23,22,16
5,9,13,17,13,17,21,22,23,22,18
5,9,13,17,13,17,21,22,23,24,18
5,9,13,17,13,17,21,22,23,24,20
5,9,13,17,13,17,23,22,21,16,12
5,9,13,17,13,17,23,22,21,16,22
5,9,13,17,13,17,23,22,21,22,16
5,9,13,17,13,17,23,22,21,22,18
5,9,13,17,13,19,23,22,21,16,12
5,9,13,17,13,19,23,22,21,16,22
5,9,13,17,13,19,23,22,21,22,16
5,9,13,17,13,19,23,22,21,22,18
5,9,13,17,21,17,11,6,1,2,6
5,9,13,17,21,17,11,6,1,2,8
5,9,13,17,21,17,11,6,1,6,2
5,9,13,17,21,17,11,6,1,6,12
5,9,13,17,21,17,11,6,7,2,6
5,9,13,17,21,17,11,6,7,2,8
5,9,13,17,21,17,11,6,7,6,2
5,9,13,17,21,17,11,6,7,6,12
5,9,13,17,21,17,11,6,7,8,2
5,9,13,17,21,17,11,6,7,8,4
5,9,13,17,21,17,11,6,7,8,12
5,9,13,17,21,17,11,6,7,8,14
5,9,13,17,21,17,11,6,7,12,6
5,9,13,17,21,17,11,6,7,12,8
5,9,13,17,21,17,11,6,7,12,16
5,9,13,17,21,17,11,6,7,12,18
5,9,13,17,21,17,11,6,11,6,2
5,9,13,17,21,17,11,6,11,6,12
5,9,13,17,21,17,11,6,11,12,6
5,9,13,17,21,17,11,6,11,12,8
5,9,13,17,21,17,11,6,11,12,16
5,9,13,17,21,17,11,6,11,12,18
5,9,13,17,21,17,11,6,11,16,12
5,9,13,17,21,17,11,6,11,16,22
5,9,13,17,21,17,11,12,7,2,6
5,9,13,17,21,17,11,12,7,2,8
5,9,13,17,21,17,11,12,7,6,2
5,9,13,17,21,17,11,12,7,6,12
5,9,13,17,21,17,11,12,7,8,2
5,9,13,17,21,17,11,12,7,8,4
5,9,13,17,21,17,11,12,7,8,12
5,9,13,17,21,17,11,12,7,8,14
5,9,13,17,21,17,11,12,7,12,6
5,9,13,17,21,17,11,12,7,12,8
5,9,13,17,21,17,11,12,7,12,16
5,9,13,17,21,17,11,12,7,12,18
5,9,13,17,21,17,11,12,11,6,2
5,9,13,17,21,17,11,12,11,6,12
5,9,13,17,21,17,11,12,11,12,6
5,9,13,17,21,17,11,12,11,12,8
5,9,13,17,21,17,11,12,11,12,16
5,9,13,17,21,17,11,12,11,12,18
5,9,13,17,21,17,11,12,11,16,12
5,9,13,17,21,17,11,12,11,16,22
5,9,13,17,21,17,11,12,13,8,2
5,9,13,17,21,17,11,12,13,8,4
5,9,13,17,21,17,11,12,13,8,12
5,9,13,17,21,17,11,12,13,8,14
5,9,13,17,21,17,11,12,13,12,6
5,9,13,17,21,17,11,12,13,12,8
5,9,13,17,21,17,11,12,13,12,16
5,9,13,17,21,17,11,12,13,12,18
5,9,13,17,21,17,11,12,13,14,8
5,9,13,17,21,17,11,12,13,14,10
5,9,13,17,21,17,11,12,13,14,18
5,9,13,17,21,17,11,12,13,14,20
5,9,13,17,21,17,11,12,13,18,12
5,9,13,17,21,17,11,12,13,18,14
5,9,13,17,21,17,11,12,13,18,22
5,9,13,17,21,17,11,12,13,18,24
5,9,13,17,21,17,11,12,17,12,6
5,9,13,17,21,17,11,12,17,12,8
5,9,13,17,21,17,11,12,17,12,16
5,9,13,17,21,17,11,12,17,12,18
5,9,13,17,21,17,11,12,17,16,12
5,9,13,17,21,17,11,12,17,16,22
5,9,13,17,21,17,11,12,17,18,12
5,9,13,17,21,17,11,12,17,18,14
5,9,13,17,21,17,11,12,17,18,22
5,9,13,17,21,17,11,12,17,18,24
5,9,13,17,21,17,11,12,17,22,16
5,9,13,17,21,17,11,12,17,22,18
5,9,13,17,21,17,11,16,11,6,2
5,9,13,17,21,17,11,16,11,6,12
5,9,13,17,21,17,11,16,11,12,6
5,9,13,17,21,17,11,16,11,12,8
5,9,13,17,21,17,11,16,11,12,16
5,9,13,17,21,17,11,16,11,12,18
5,9,13,17,21,17,11,16,11,16,12
5,9,13,17,21,17,11,16,11,16,22
5,9,13,17,21,17,11,16,17,12,6
5,9,13,17,21,17,11,16,17,12,8
5,9,13,17,21,17,11,16,17,12,16
5,9,13,17,21,17,11,16,17,12,18
5,9,13,17,21,17,11,16,17,16,12
5,9,13,17,21,17,11,16,17,16,22
5,9,13,17,21,17,11,16,17,18,12
5,9,13,17,21,17,11,16,17,18,14
5,9,13,17,21,17,11,16,17,18,22
5,9,13,17,21,17,11,16,17,18,24
5,9,13,17,21,17,11,16,17,22,16
5,9,13,17,21,17,11,16,17,22,18
5,9,13,17,21,17,11,16,16,12
5,9,13,17,21,17,11,16,16,22
5,9,13,17,21,17,11,16,22,16
5,9,13,17,21,17,11,16,22,18
5,9,13,17,21,17,13,8,3,2,6
5,9,13,17,21,17,13,8,3,2,8
5,9,13,17,21,17,13,8,3,8,2
5,9,13,17,21,17,13,8,3,8,4
5,9,13,17,21,17,13,8,3,8,12
5,9,13,17,21,17,13,8,3,8,14
5,9,13,17,21,17,13,8,3,4,8
5,9,13,17,21,17,13,8,3,4,10
5,9,13,17,21,17,13,8,7,2,6
5,9,13,17,21,17,13,8,7,2,8
5,9,13,17,21,17,13,8,7,6,2
5,9,13,17,21,17,13,8,7,6,12
5,9,13,17,21,17,13,8,7,8,2
5,9,13,17,21,17,13,8,7,8,4
5,9,13,17,21,17,13,8,7,8,12
5,9,13,17,21,17,13,8,7,8,14
5,9,13,17,21,17,13,8,7,12,6
5,9,13,17,21,17,13,8,7,12,8
5,9,13,17,21,17,13,8,7,12,16
5,9,13,17,21,17,13,8,7,12,18
5,9,13,17,21,17,13,8,9,4,8
5,9,13,17,21,17,13,8,9,4,10
5,9,13,17,21,17,13,8,9,8,2
5,9,13,17,21,17,13,8,9,8,4
5,9,13,17,21,17,13,8,9,8,12
5,9,13,17,21,17,13,8,9,8,14
5,9,13,17,21,17,13,8,9,10,4
5,9,13,17,21,17,13,8,9,10,14
5,9,13,17,21,17,13,8,9,14,8
5,9,13,17,21,17,13,8,9,14,10
5,9,13,17,21,17,13,8,9,14,18
5,9,13,17,21,17,13,8,9,14,20
5,9,13,17,21,17,13,8,13,8,2
5,9,13,17,21,17,13,8,13,8,4
5,9,13,17,21,17,13,8,13,8,12
5,9,13,17,21,17,13,8,13,8,14
5,9,13,17,21,17,13,8,13,12,6
5,9,13,17,21,17,13,8,13,12,8
5,9,13,17,21,17,13,8,13,12,16
5,9,13,17,21,17,13,8,13,12,18
5,9,13,17,21,17,13,8,13,14,8
5,9,13,17,21,17,13,8,13,14,10
5,9,13,17,21,17,13,8,13,14,18
5,9,13,17,21,17,13,8,13,14,20
5,9,13,17,21,17,13,8,13,18,12
5,9,13,17,21,17,13,8,13,18,14
5,9,13,17,21,17,13,8,13,18,22
5,9,13,17,21,17,13,8,13,18,24
5,9,13,17,21,17,13,12,7,2,6
5,9,13,17,21,17,13,12,7,2,8
5,9,13,17,21,17,13,12,7,6,2
5,9,13,17,21,17,13,12,7,6,12
5,9,13,17,21,17,13,12,7,8,2
5,9,13,17,21,17,13,12,7,8,4
5,9,13,17,21,17,13,12,7,8,12
5,9,13,17,21,17,13,12,7,8,14
5,9,13,17,21,17,13,12,7,12,6
5,9,13,17,21,17,13,12,7,12,8
5,9,13,17,21,17,13,12,7,12,16
5,9,13,17,21,17,13,12,7,12,18
5,9,13,17,21,17,13,12,11,6,2
5,9,13,17,21,17,13,12,11,6,12
5,9,13,17,21,17,13,12,11,12,6
5,9,13,17,21,17,13,12,11,12,8
5,9,13,17,21,17,13,12,11,12,16
5,9,13,17,21,17,13,12,11,12,18
5,9,13,17,21,17,13,12,11,16,12
5,9,13,17,21,17,13,12,11,16,22
5,9,13,17,21,17,13,12,13,8,2
5,9,13,17,21,17,13,12,13,8,4
5,9,13,17,21,17,13,12,13,8,12
5,9,13,17,21,17,13,12,13,8,14
5,9,13,17,21,17,13,12,13,12,6
5,9,13,17,21,17,13,12,13,12,8
5,9,13,17,21,17,13,12,13,12,16
5,9,13,17,21,17,13,12,13,12,18
5,9,13,17,21,17,13,12,13,14,8
5,9,13,17,21,17,13,12,13,14,10
5,9,13,17,21,17,13,12,13,14,18
5,9,13,17,21,17,13,12,13,14,20
5,9,13,17,21,17,13,12,13,18,12
5,9,13,17,21,17,13,12,13,18,14
5,9,13,17,21,17,13,12,13,18,22
5,9,13,17,21,17,13,12,13,18,24
5,9,13,17,21,17,13,12,17,12,6
5,9,13,17,21,17,13,12,17,12,8
5,9,13,17,21,17,13,12,17,12,16
5,9,13,17,21,17,13,12,17,12,18
5,9,13,17,21,17,13,12,17,16,12
5,9,13,17,21,17,13,12,17,16,22
5,9,13,17,21,17,13,12,17,18,12
5,9,13,17,21,17,13,12,17,18,14
5,9,13,17,21,17,13,12,17,18,22
5,9,13,17,21,17,13,12,17,18,24
5,9,13,17,21,17,13,12,17,22,16
5,9,13,17,21,17,13,12,17,22,18
5,9,13,17,21,17,13,14,9,4,8
5,9,13,17,21,17,13,14,9,4,10
5,9,13,17,21,17,13,14,9,8,2
5,9,13,17,21,17,13,14,9,8,4
5,9,13,17,21,17,13,14,9,8,12
5,9,13,17,21,17,13,14,9,8,14
5,9,13,17,21,17,13,14,9,10,4
5,9,13,17,21,17,13,14,9,10,14
5,9,13,17,21,17,13,14,9,14,8
5,9,13,17,21,17,13,14,9,14,10
5,9,13,17,21,17,13,14,9,14,18
5,9,13,17,21,17,13,14,9,14,20
5,9,13,17,21,17,13,14,13,8,2
5,9,13,17,21,17,13,14,13,8,4
5,9,13,17,21,17,13,14,13,8,12
5,9,13,17,21,17,13,14,13,8,14
5,9,13,17,21,17,13,14,13,12,6
5,9,13,17,21,17,13,14,13,12,8
5,9,13,17,21,17,13,14,13,12,16
5,9,13,17,21,17,13,14,13,12,18
5,9,13,17,21,17,13,14,13,14,8
5,9,13,17,21,17,13,14,13,14,10
5,9,13,17,21,17,13,14,13,14,18
5,9,13,17,21,17,13,14,13,14,20
5,9,13,17,21,17,13,14,13,18,12
5,9,13,17,21,17,13,14,13,18,14
5,9,13,17,21,17,13,14,13,18,22
5,9,13,17,21,17,13,14,13,18,24
5,9,13,17,21,17,13,14,15,10,4
5,9,13,17,21,17,13,14,15,10,14
5,9,13,17,21,17,13,14,15,14,8
5,9,13,17,21,17,13,14,15,14,10
5,9,13,17,21,17,13,14,15,14,18
5,9,13,17,21,17,13,14,15,14,20
5,9,13,17,21,17,13,14,15,20,14
5,9,13,17,21,17,13,14,15,20,24
5,9,13,17,21,17,13,14,19,14,8
5,9,13,17,21,17,13,14,19,14,10
5,9,13,17,21,17,13,14,19,14,18
5,9,13,17,21,17,13,14,19,14,20
5,9,13,17,21,17,13,14,19,18,12
5,9,13,17,21,17,13,14,19,18,14
5,9,13,17,21,17,13,14,19,18,22
5,9,13,17,21,17,13,14,19,18,24
5,9,13,17,21,17,13,14,19,20,14
5,9,13,17,21,17,13,14,19,20,24
5,9,13,17,21,17,13,14,19,24,18
5,9,13,17,21,17,13,14,19,24,20
5,9,13,17,21,17,13,18,13,8,2
5,9,13,17,21,17,13,18,13,8,4
5,9,13,17,21,17,13,18,13,8,12
5,9,13,17,21,17,13,18,13,8,14
5,9,13,17,21,17,13,18,13,12,6
5,9,13,17,21,17,13,18,13,12,8
5,9,13,17,21,17,13,18,13,12,16
5,9,13,17,21,17,13,18,13,12,18
5,9,13,17,21,17,13,18,13,14,8
5,9,13,17,21,17,13,18,13,14,10
5,9,13,17,21,17,13,18,13,14,18
5,9,13,17,21,17,13,18,13,14,20
5,9,13,17,21,17,13,18,13,18,12
5,9,13,17,21,17,13,18,13,18,14
5,9,13,17,21,17,13,18,13,18,22
5,9,13,17,21,17,13,18,13,18,24
5,9,13,17,21,17,13,18,17,12,6
5,9,13,17,21,17,13,18,17,12,8
5,9,13,17,21,17,13,18,17,12,16
5,9,13,17,21,17,13,18,17,12,18
5,9,13,17,21,17,13,18,17,16,12
5,9,13,17,21,17,13,18,17,16,22
5,9,13,17,21,17,13,18,17,18,12
5,9,13,17,21,17,13,18,17,18,14
5,9,13,17,21,17,13,18,17,18,22
5,9,13,17,21,17,13,18,17,18,24
5,9,13,17,21,17,13,18,17,22,16
5,9,13,17,21,17,13,18,17,22,18
5,9,13,17,21,17,13,18,19,14,8
5,9,13,17,21,17,13,18,19,14,10
5,9,13,17,21,17,13,18,19,14,18
5,9,13,17,21,17,13,18,19,14,20
5,9,13,17,21,17,13,18,19,18,12
5,9,13,17,21,17,13,18,19,18,14
5,9,13,17,21,17,13,18,19,18,22
5,9,13,17,21,17,13,18,19,18,24
5,9,13,17,21,17,13,18,19,20,14
5,9,13,17,21,17,13,18,19,20,24
5,9,13,17,21,17,13,18,19,24,18
5,9,13,17,21,17,13,18,19,24,20
5,9,13,17,21,17,13,18,23,18,12
5,9,13,17,21,17,13,18,23,18,14
5,9,13,17,21,17,13,18,23,18,22
5,9,13,17,21,17,13,18,23,18,24
5,9,13,17,21,17,13,18,23,22,16
5,9,13,17,21,17,13,18,23,22,18
5,9,13,17,21,17,13,18,23,24,18
5,9,13,17,21,17,13,18,23,24,20
5,9,13,17,21,17,16,11,6,2
5,9,13,17,21,17,16,11,6,12
5,9,13,17,21,17,16,11,12,6
5,9,13,17,21,17,16,11,12,8
5,9,13,17,21,17,16,11,12,16
5,9,13,17,21,17,16,11,12,18
5,9,13,17,21,17,16,11,16,12
5,9,13,17,21,17,16,11,16,22
5,9,13,17,21,17,16,17,12,6
5,9,13,17,21,17,16,17,12,8
5,9,13,17,21,17,16,17,12,16
5,9,13,17,21,17,16,17,12,18
5,9,13,17,21,17,16,17,16,12
5,9,13,17,21,17,16,17,16,22
5,9,13,17,21,17,16,17,18,12
5,9,13,17,21,17,16,17,18,14
5,9,13,17,21,17,16,17,18,22
5,9,13,17,21,17,16,17,18,24
5,9,13,17,21,17,16,17,22,16
5,9,13,17,21,17,16,17,22,18
5,9,13,17,21,17,16,16,12
5,9,13,17,21,17,16,16,22
5,9,13,17,21,17,16,22,16
5,9,13,17,21,17,16,22,18
5,9,13,17,21,17,22,17,12,6
5,9,13,17,21,17,22,17,12,8
5,9,13,17,21,17,22,17,12,16
5,9,13,17,21,17,22,17,12,18
5,9,13,17,21,17,22,17,16,12
5,9,13,17,21,17,22,17,16,22
5,9,13,17,21,17,22,17,18,12
5,9,13,17,21,17,22,17,18,14
5,9,13,17,21,17,22,17,18,22
5,9,13,17,21,17,22,17,18,24
5,9,13,17,21,17,22,17,22,16
5,9,13,17,21,17,22,17,22,18
5,9,13,17,21,17,22,16,12
5,9,13,17,21,17,22,16,22
5,9,13,17,21,17,22,22,16
5,9,13,17,21,17,22,22,18
5,9,13,17,21,17,22,23,18,12
5,9,13,17,21,17,22,23,18,14
5,9,13,17,21,17,22,23,18,22
5,9,13,17,21,17,22,23,18,24
5,9,13,17,21,17,22,23,22,16
5,9,13,17,21,17,22,23,22,18
5,9,13,17,21,17,22,23,24,18
5,9,13,17,21,17,22,23,24,20
5,9,13,17,21,17,23,18,13,8,2
5,9,13,17,21,17,23,18,13,8,4
5,9,13,17,21,17,23,18,13,8,12
5,9,13,17,21,17,23,18,13,8,14
5,9,13,17,21,17,23,18,13,12,6
5,9,13,17,21,17,23,18,13,12,8
5,9,13,17,21,17,23,18,13,12,16
5,9,13,17,21,17,23,18,13,12,18
5,9,13,17,21,17,23,18,13,14,8
5,9,13,17,21,17,23,18,13,14,10
5,9,13,17,21,17,23,18,13,14,18
5,9,13,17,21,17,23,18,13,14,20
5,9,13,17,21,17,23,18,13,18,12
5,9,13,17,21,17,23,18,13,18,14
5,9,13,17,21,17,23,18,13,18,22
5,9,13,17,21,17,23,18,13,18,24
5,9,13,17,21,17,23,18,17,12,6
5,9,13,17,21,17,23,18,17,12,8
5,9,13,17,21,17,23,18,17,12,16
5,9,13,17,21,17,23,18,17,12,18
5,9,13,17,21,17,23,18,17,16,12
5,9,13,17,21,17,23,18,17,16,22
5,9,13,17,21,17,23,18,17,18,12
5,9,13,17,21,17,23,18,17,18,14
5,9,13,17,21,17,23,18,17,18,22
5,9,13,17,21,17,23,18,17,18,24
5,9,13,17,21,17,23,18,17,22,16
5,9,13,17,21,17,23,18,17,22,18
5,9,13,17,21,17,23,18,19,14,8
5,9,13,17,21,17,23,18,19,14,10
5,9,13,17,21,17,23,18,19,14,18
5,9,13,17,21,17,23,18,19,14,20
5,9,13,17,21,17,23,18,19,18,12
5,9,13,17,21,17,23,18,19,18,14
5,9,13,17,21,17,23,18,19,18,22
5,9,13,17,21,17,23,18,19,18,24
5,9,13,17,21,17,23,18,19,20,14
5,9,13,17,21,17,23,18,19,20,24
5,9,13,17,21,17,23,18,19,24,18
5,9,13,17,21,17,23,18,19,24,20
5,9,13,17,21,17,23,18,23,18,12
5,9,13,17,21,17,23,18,23,18,14
5,9,13,17,21,17,23,18,23,18,22
5,9,13,17,21,17,23,18,23,18,24
5,9,13,17,21,17,23,18,23,22,16
5,9,13,17,21,17,23,18,23,22,18
5,9,13,17,21,17,23,18,23,24,18
5,9,13,17,21,17,23,18,23,24,20
5,9,13,17,21,17,23,22,17,12,6
5,9,13,17,21,17,23,22,17,12,8
5,9,13,17,21,17,23,22,17,12,16
5,9,13,17,21,17,23,22,17,12,18
5,9,13,17,21,17,23,22,17,16,12
5,9,13,17,21,17,23,22,17,16,22
5,9,13,17,21,17,23,22,17,18,12
5,9,13,17,21,17,23,22,17,18,14
5,9,13,17,21,17,23,22,17,18,22
5,9,13,17,21,17,23,22,17,18,24
5,9,13,17,21,17,23,22,17,22,16
5,9,13,17,21,17,23,22,17,22,18
5,9,13,17,21,17,23,22,16,12
5,9,13,17,21,17,23,22,16,22
5,9,13,17,21,17,23,22,22,16
5,9,13,17,21,17,23,22,22,18
5,9,13,17,21,17,23,22,23,18,12
5,9,13,17,21,17,23,22,23,18,14
5,9,13,17,21,17,23,22,23,18,22
5,9,13,17,21,17,23,22,23,18,24
5,9,13,17,21,17,23,22,23,22,16
5,9,13,17,21,17,23,22,23,22,18
5,9,13,17,21,17,23,22,23,24,18
5,9,13,17,21,17,23,22,23,24,20
5,9,13,17,21,17,23,24,19,14,8
5,9,13,17,21,17,23,24,19,14,10
5,9,13,17,21,17,23,24,19,14,18
5,9,13,17,21,17,23,24,19,14,20
5,9,13,17,21,17,23,24,19,18,12
5,9,13,17,21,17,23,24,19,18,14
5,9,13,17,21,17,23,24,19,18,22
5,9,13,17,21,17,23,24,19,18,24
5,9,13,17,21,17,23,24,19,20,14
5,9,13,17,21,17,23,24,19,20,24
5,9,13,17,21,17,23,24,19,24,18
5,9,13,17,21,17,23,24,19,24,20
5,9,13,17,21,17,23,24,23,18,12
5,9,13,17,21,17,23,24,23,18,14
5,9,13,17,21,17,23,24,23,18,22
5,9,13,17,21,17,23,24,23,18,24
5,9,13,17,21,17,23,24,23,22,16
5,9,13,17,21,17,23,24,23,22,18
5,9,13,17,21,17,23,24,23,24,18
5,9,13,17,21,17,23,24,23,24,20
5,9,13,17,21,17,23,24,25,20,14
5,9,13,17,21,17,23,24,25,20,24
5,9,13,17,21,17,23,24,25,24,18
5,9,13,17,21,17,23,24,25,24,20
5,9,13,17,23,17,11,16,21,16,12
5,9,13,17,23,17,11,16,21,16,22
5,9,13,17,23,17,11,16,21,22,16
5,9,13,17,23,17,11,16,21,22,18
5,9,13,17,23,17,21,16,11,6,2
5,9,13,17,23,17,21,16,11,6,12
5,9,13,17,23,17,21,16,11,12,6
5,9,13,17,23,17,21,16,11,12,8
5,9,13,17,23,17,21,16,11,12,16
5,9,13,17,23,17,21,16,11,12,18
5,9,13,17,23,17,21,16,11,16,12
5,9,13,17,23,17,21,16,11,16,22
5,9,13,17,23,17,21,16,17,12,6
5,9,13,17,23,17,21,16,17,12,8
5,9,13,17,23,17,21,16,17,12,16
5,9,13,17,23,17,21,16,17,12,18
5,9,13,17,23,17,21,16,17,16,12
5,9,13,17,23,17,21,16,17,16,22
5,9,13,17,23,17,21,16,17,18,12
5,9,13,17,23,17,21,16,17,18,14
5,9,13,17,23,17,21,16,17,18,22
5,9,13,17,23,17,21,16,17,18,24
5,9,13,17,23,17,21,16,17,22,16
5,9,13,17,23,17,21,16,17,22,18
5,9,13,17,23,17,21,16,16,12
5,9,13,17,23,17,21,16,16,22
5,9,13,17,23,17,21,16,22,16
5,9,13,17,23,17,21,16,22,18
5,9,13,17,23,17,21,22,17,12,6
5,9,13,17,23,17,21,22,17,12,8
5,9,13,17,23,17,21,22,17,12,16
5,9,13,17,23,17,21,22,17,12,18
5,9,13,17,23,17,21,22,17,16,12
5,9,13,17,23,17,21,22,17,16,22
5,9,13,17,23,17,21,22,17,18,12
5,9,13,17,23,17,21,22,17,18,14
5,9,13,17,23,17,21,22,17,18,22
5,9,13,17,23,17,21,22,17,18,24
5,9,13,17,23,17,21,22,17,22,16
5,9,13,17,23,17,21,22,17,22,18
5,9,13,17,23,17,21,22,16,12
5,9,13,17,23,17,21,22,16,22
5,9,13,17,23,17,21,22,22,16
5,9,13,17,23,17,21,22,22,18
5,9,13,17,23,17,21,22,23,18,12
5,9,13,17,23,17,21,22,23,18,14
5,9,13,17,23,17,21,22,23,18,22
5,9,13,17,23,17,21,22,23,18,24
5,9,13,17,23,17,21,22,23,22,16
5,9,13,17,23,17,21,22,23,22,18
5,9,13,17,23,17,21,22,23,24,18
5,9,13,17,23,17,21,22,23,24,20
5,9,13,17,23,17,23,22,21,16,12
5,9,13,17,23,17,23,22,21,16,22
5,9,13,17,23,17,23,22,21,22,16
5,9,13,17,23,17,23,22,21,22,18
5,9,13,17,23,19,23,22,21,16,12
5,9,13,17,23,19,23,22,21,16,22
5,9,13,17,23,19,23,22,21,22,16
5,9,13,17,23,19,23,22,21,22,18
5,9,13,19,13,7,11,16,21,16,12
5,9,13,19,13,7,11,16,21,16,22
5,9,13,19,13,7,11,16,21,22,16
5,9,13,19,13,7,11,16,21,22,18
5,9,13,19,13,17,11,16,21,16,12
5,9,13,19,13,17,11,16,21,16,22
5,9,13,19,13,17,11,16,21,22,16
5,9,13,19,13,17,11,16,21,22,18
5,9,13,19,13,17,21,16,11,6,2
5,9,13,19,13,17,21,16,11,6,12
5,9,13,19,13,17,21,16,11,12,6
5,9,13,19,13,17,21,16,11,12,8
5,9,13,19,13,17,21,16,11,12,16
5,9,13,19,13,17,21,16,11,12,18
5,9,13,19,13,17,21,16,11,16,12
5,9,13,19,13,17,21,16,11,16,22
5,9,13,19,13,17,21,16,17,12,6
5,9,13,19,13,17,21,16,17,12,8
5,9,13,19,13,17,21,16,17,12,16
5,9,13,19,13,17,21,16,17,12,18
5,9,13,19,13,17,21,16,17,16,12
5,9,13,19,13,17,21,16,17,16,22
5,9,13,19,13,17,21,16,17,18,12
5,9,13,19,13,17,21,16,17,18,14
5,9,13,19,13,17,21,16,17,18,22
5,9,13,19,13,17,21,16,17,18,24
5,9,13,19,13,17,21,16,17,22,16
5,9,13,19,13,17,21,16,17,22,18
5,9,13,19,13,17,21,16,16,12
5,9,13,19,13,17,21,16,16,22
5,9,13,19,13,17,21,16,22,16
5,9,13,19,13,17,21,16,22,18
5,9,13,19,13,17,21,22,17,12,6
5,9,13,19,13,17,21,22,17,12,8
5,9,13,19,13,17,21,22,17,12,16
5,9,13,19,13,17,21,22,17,12,18
5,9,13,19,13,17,21,22,17,16,12
5,9,13,19,13,17,21,22,17,16,22
5,9,13,19,13,17,21,22,17,18,12
5,9,13,19,13,17,21,22,17,18,14
5,9,13,19,13,17,21,22,17,18,22
5,9,13,19,13,17,21,22,17,18,24
5,9,13,19,13,17,21,22,17,22,16
5,9,13,19,13,17,21,22,17,22,18
5,9,13,19,13,17,21,22,16,12
5,9,13,19,13,17,21,22,16,22
5,9,13,19,13,17,21,22,22,16
5,9,13,19,13,17,21,22,22,18
5,9,13,19,13,17,21,22,23,18,12
5,9,13,19,13,17,21,22,23,18,14
5,9,13,19,13,17,21,22,23,18,22
5,9,13,19,13,17,21,22,23,18,24
5,9,13,19,13,17,21,22,23,22,16
5,9,13,19,13,17,21,22,23,22,18
5,9,13,19,13,17,21,22,23,24,18
5,9,13,19,13,17,21,22,23,24,20
5,9,13,19,13,17,23,22,21,16,12
5,9,13,19,13,17,23,22,21,16,22
5,9,13,19,13,17,23,22,21,22,16
5,9,13,19,13,17,23,22,21,22,18
5,9,13,19,13,19,23,22,21,16,12
5,9,13,19,13,19,23,22,21,16,22
5,9,13,19,13,19,23,22,21,22,16
5,9,13,19,13,19,23,22,21,22,18
5,9,13,19,15,19,23,22,21,16,12
5,9,13,19,15,19,23,22,21,16,22
5,9,13,19,15,19,23,22,21,22,16
5,9,13,19,15,19,23,22,21,22,18
5,9,13,19,23,17,11,16,21,16,12
5,9,13,19,23,17,11,16,21,16,22
5,9,13,19,23,17,11,16,21,22,16
5,9,13,19,23,17,11,16,21,22,18
5,9,13,19,23,17,21,16,11,6,2
5,9,13,19,23,17,21,16,11,6,12
5,9,13,19,23,17,21,16,11,12,6
5,9,13,19,23,17,21,16,11,12,8
5,9,13,19,23,17,21,16,11,12,16
5,9,13,19,23,17,21,16,11,12,18
5,9,13,19,23,17,21,16,11,16,12
5,9,13,19,23,17,21,16,11,16,22
5,9,13,19,23,17,21,16,17,12,6
5,9,13,19,23,17,21,16,17,12,8
5,9,13,19,23,17,21,16,17,12,16
5,9,13,19,23,17,21,16,17,12,18
5,9,13,19,23,17,21,16,17,16,12
5,9,13,19,23,17,21,16,17,16,22
5,9,13,19,23,17,21,16,17,18,12
5,9,13,19,23,17,21,16,17,18,14
5,9,13,19,23,17,21,16,17,18,22
5,9,13,19,23,17,21,16,17,18,24
5,9,13,19,23,17,21,16,17,22,16
5,9,13,19,23,17,21,16,17,22,18
5,9,13,19,23,17,21,16,16,12
5,9,13,19,23,17,21,16,16,22
5,9,13,19,23,17,21,16,22,16
5,9,13,19,23,17,21,16,22,18
5,9,13,19,23,17,21,22,17,12,6
5,9,13,19,23,17,21,22,17,12,8
5,9,13,19,23,17,21,22,17,12,16
5,9,13,19,23,17,21,22,17,12,18
5,9,13,19,23,17,21,22,17,16,12
5,9,13,19,23,17,21,22,17,16,22
5,9,13,19,23,17,21,22,17,18,12
5,9,13,19,23,17,21,22,17,18,14
5,9,13,19,23,17,21,22,17,18,22
5,9,13,19,23,17,21,22,17,18,24
5,9,13,19,23,17,21,22,17,22,16
5,9,13,19,23,17,21,22,17,22,18
5,9,13,19,23,17,21,22,16,12
5,9,13,19,23,17,21,22,16,22
5,9,13,19,23,17,21,22,22,16
5,9,13,19,23,17,21,22,22,18
5,9,13,19,23,17,21,22,23,18,12
5,9,13,19,23,17,21,22,23,18,14
5,9,13,19,23,17,21,22,23,18,22
5,9,13,19,23,17,21,22,23,18,24
5,9,13,19,23,17,21,22,23,22,16
5,9,13,19,23,17,21,22,23,22,18
5,9,13,19,23,17,21,22,23,24,18
5,9,13,19,23,17,21,22,23,24,20
5,9,13,19,23,17,23,22,21,16,12
5,9,13,19,23,17,23,22,21,16,22
5,9,13,19,23,17,23,22,21,22,16
5,9,13,19,23,17,23,22,21,22,18
5,9,13,19,23,19,23,22,21,16,12
5,9,13,19,23,19,23,22,21,16,22
5,9,13,19,23,19,23,22,21,22,16
5,9,13,19,23,19,23,22,21,22,18
5,9,13,19,25,19,23,22,21,16,12
5,9,13,19,25,19,23,22,21,16,22
5,9,13,19,25,19,23,22,21,22,16
5,9,13,19,25,19,23,22,21,22,18
5,9,15,9,3,7,11,16,21,16,12
5,9,15,9,3,7,11,16,21,16,22
5,9,15,9,3,7,11,16,21,22,16
5,9,15,9,3,7,11,16,21,22,18
5,9,15,9,13,7,11,16,21,16,12
5,9,15,9,13,7,11,16,21,16,22
5,9,15,9,13,7,11,16,21,22,16
5,9,15,9,13,7,11,16,21,22,18
5,9,15,9,13,17,11,16,21,16,12
5,9,15,9,13,17,11,16,21,16,22
5,9,15,9,13,17,11,16,21,22,16
5,9,15,9,13,17,11,16,21,22,18
5,9,15,9,13,17,21,16,11,6,2
5,9,15,9,13,17,21,16,11,6,12
5,9,15,9,13,17,21,16,11,12,6
5,9,15,9,13,17,21,16,11,12,8
5,9,15,9,13,17,21,16,11,12,16
5,9,15,9,13,17,21,16,11,12,18
5,9,15,9,13,17,21,16,11,16,12
5,9,15,9,13,17,21,16,11,16,22
5,9,15,9,13,17,21,16,17,12,6
5,9,15,9,13,17,21,16,17,12,8
5,9,15,9,13,17,21,16,17,12,16
5,9,15,9,13,17,21,16,17,12,18
5,9,15,9,13,17,21,16,17,16,12
5,9,15,9,13,17,21,16,17,16,22
5,9,15,9,13,17,21,16,17,18,12
5,9,15,9,13,17,21,16,17,18,14
5,9,15,9,13,17,21,16,17,18,22
5,9,15,9,13,17,21,16,17,18,24
5,9,15,9,13,17,21,16,17,22,16
5,9,15,9,13,17,21,16,17,22,18
5,9,15,9,13,17,21,16,16,12
5,9,15,9,13,17,21,16,16,22
5,9,15,9,13,17,21,16,22,16
5,9,15,9,13,17,21,16,22,18
5,9,15,9,13,17,21,22,17,12,6
5,9,15,9,13,17,21,22,17,12,8
5,9,15,9,13,17,21,22,17,12,16
5,9,15,9,13,17,21,22,17,12,18
5,9,15,9,13,17,21,22,17,16,12
5,9,15,9,13,17,21,22,17,16,22
5,9,15,9,13,17,21,22,17,18,12
5,9,15,9,13,17,21,22,17,18,14
5,9,15,9,13,17,21,22,17,18,22
5,9,15,9,13,17,21,22,17,18,24
5,9,15,9,13,17,21,22,17,22,16
5,9,15,9,13,17,21,22,17,22,18
5,9,15,9,13,17,21,22,16,12
5,9,15,9,13,17,21,22,16,22
5,9,15,9,13,17,21,22,22,16
5,9,15,9,13,17,21,22,22,18
5,9,15,9,13,17,21,22,23,18,12
5,9,15,9,13,17,21,22,23,18,14
5,9,15,9,13,17,21,22,23,18,22
5,9,15,9,13,17,21,22,23,18,24
5,9,15,9,13,17,21,22,23,22,16
5,9,15,9,13,17,21,22,23,22,18
5,9,15,9,13,17,21,22,23,24,18
5,9,15,9,13,17,21,22,23,24,20
5,9,15,9,13,17,23,22,21,16,12
5,9,15,9,13,17,23,22,21,16,22
5,9,15,9,13,17,23,22,21,22,16
5,9,15,9,13,17,23,22,21,22,18
5,9,15,9,13,19,23,22,21,16,12
5,9,15,9,13,19,23,22,21,16,22
5,9,15,9,13,19,23,22,21,22,16
5,9,15,9,13,19,23,22,21,22,18
5,9,15,9,15,19,23,22,21,16,12
5,9,15,9,15,19,23,22,21,16,22
5,9,15,9,15,19,23,22,21,22,16
5,9,15,9,15,19,23,22,21,22,18
5,9,15,19,13,7,11,16,21,16,12
5,9,15,19,13,7,11,16,21,16,22
5,9,15,19,13,7,11,16,21,22,16
5,9,15,19,13,7,11,16,21,22,18
5,9,15,19,13,17,11,16,21,16,12
5,9,15,19,13,17,11,16,21,16,22
5,9,15,19,13,17,11,16,21,22,16
5,9,15,19,13,17,11,16,21,22,18
5,9,15,19,13,17,21,16,11,6,2
5,9,15,19,13,17,21,16,11,6,12
5,9,15,19,13,17,21,16,11,12,6
5,9,15,19,13,17,21,16,11,12,8
5,9,15,19,13,17,21,16,11,12,16
5,9,15,19,13,17,21,16,11,12,18
5,9,15,19,13,17,21,16,11,16,12
5,9,15,19,13,17,21,16,11,16,22
5,9,15,19,13,17,21,16,17,12,6
5,9,15,19,13,17,21,16,17,12,8
5,9,15,19,13,17,21,16,17,12,16
5,9,15,19,13,17,21,16,17,12,18
5,9,15,19,13,17,21,16,17,16,12
5,9,15,19,13,17,21,16,17,16,22
5,9,15,19,13,17,21,16,17,18,12
5,9,15,19,13,17,21,16,17,18,14
5,9,15,19,13,17,21,16,17,18,22
5,9,15,19,13,17,21,16,17,18,24
5,9,15,19,13,17,21,16,17,22,16
5,9,15,19,13,17,21,16,17,22,18
5,9,15,19,13,17,21,16,16,12
5,9,15,19,13,17,21,16,16,22
5,9,15,19,13,17,21,16,22,16
5,9,15,19,13,17,21,16,22,18
5,9,15,19,13,17,21,22,17,12,6
5,9,15,19,13,17,21,22,17,12,8
5,9,15,19,13,17,21,22,17,12,16
5,9,15,19,13,17,21,22,17,12,18
5,9,15,19,13,17,21,22,17,16,12
5,9,15,19,13,17,21,22,17,16,22
5,9,15,19,13,17,21,22,17,18,12
5,9,15,19,13,17,21,22,17,18,14
5,9,15,19,13,17,21,22,17,18,22
5,9,15,19,13,17,21,22,17,18,24
5,9,15,19,13,17,21,22,17,22,16
5,9,15,19,13,17,21,22,17,22,18
5,9,15,19,13,17,21,22,16,12
5,9,15,19,13,17,21,22,16,22
5,9,15,19,13,17,21,22,22,16
5,9,15,19,13,17,21,22,22,18
5,9,15,19,13,17,21,22,23,18,12
5,9,15,19,13,17,21,22,23,18,14
5,9,15,19,13,17,21,22,23,18,22
5,9,15,19,13,17,21,22,23,18,24
5,9,15,19,13,17,21,22,23,22,16
5,9,15,19,13,17,21,22,23,22,18
5,9,15,19,13,17,21,22,23,24,18
5,9,15,19,13,17,21,22,23,24,20
5,9,15,19,13,17,23,22,21,16,12
5,9,15,19,13,17,23,22,21,16,22
5,9,15,19,13,17,23,22,21,22,16
5,9,15,19,13,17,23,22,21,22,18
5,9,15,19,13,19,23,22,21,16,12
5,9,15,19,13,19,23,22,21,16,22
5,9,15,19,13,19,23,22,21,22,16
5,9,15,19,13,19,23,22,21,22,18
5,9,15,19,15,19,23,22,21,16,12
5,9,15,19,15,19,23,22,21,16,22
5,9,15,19,15,19,23,22,21,22,16
5,9,15,19,15,19,23,22,21,22,18
5,9,15,19,23,17,11,16,21,16,12
5,9,15,19,23,17,11,16,21,16,22
5,9,15,19,23,17,11,16,21,22,16
5,9,15,19,23,17,11,16,21,22,18
5,9,15,19,23,17,21,16,11,6,2
5,9,15,19,23,17,21,16,11,6,12
5,9,15,19,23,17,21,16,11,12,6
5,9,15,19,23,17,21,16,11,12,8
5,9,15,19,23,17,21,16,11,12,16
5,9,15,19,23,17,21,16,11,12,18
5,9,15,19,23,17,21,16,11,16,12
5,9,15,19,23,17,21,16,11,16,22
5,9,15,19,23,17,21,16,17,12,6
5,9,15,19,23,17,21,16,17,12,8
5,9,15,19,23,17,21,16,17,12,16
5,9,15,19,23,17,21,16,17,12,18
5,9,15,19,23,17,21,16,17,16,12
5,9,15,19,23,17,21,16,17,16,22
5,9,15,19,23,17,21,16,17,18,12
5,9,15,19,23,17,21,16,17,18,14
5,9,15,19,23,17,21,16,17,18,22
5,9,15,19,23,17,21,16,17,18,24
5,9,15,19,23,17,21,16,17,22,16
5,9,15,19,23,17,21,16,17,22,18
5,9,15,19,23,17,21,16,16,12
5,9,15,19,23,17,21,16,16,22
5,9,15,19,23,17,21,16,22,16
5,9,15,19,23,17,21,16,22,18
5,9,15,19,23,17,21,22,17,12,6
5,9,15,19,23,17,21,22,17,12,8
5,9,15,19,23,17,21,22,17,12,16
5,9,15,19,23,17,21,22,17,12,18
5,9,15,19,23,17,21,22,17,16,12
5,9,15,19,23,17,21,22,17,16,22
5,9,15,19,23,17,21,22,17,18,12
5,9,15,19,23,17,21,22,17,18,14
5,9,15,19,23,17,21,22,17,18,22
5,9,15,19,23,17,21,22,17,18,24
5,9,15,19,23,17,21,22,17,22,16
5,9,15,19,23,17,21,22,17,22,18
5,9,15,19,23,17,21,22,16,12
5,9,15,19,23,17,21,22,16,22
5,9,15,19,23,17,21,22,22,16
5,9,15,19,23,17,21,22,22,18
5,9,15,19,23,17,21,22,23,18,12
5,9,15,19,23,17,21,22,23,18,14
5,9,15,19,23,17,21,22,23,18,22
5,9,15,19,23,17,21,22,23,18,24
5,9,15,19,23,17,21,22,23,22,16
5,9,15,19,23,17,21,22,23,22,18
5,9,15,19,23,17,21,22,23,24,18
5,9,15,19,23,17,21,22,23,24,20
5,9,15,19,23,17,23,22,21,16,12
5,9,15,19,23,17,23,22,21,16,22
5,9,15,19,23,17,23,22,21,22,16
5,9,15,19,23,17,23,22,21,22,18
5,9,15,19,23,19,23,22,21,16,12
5,9,15,19,23,19,23,22,21,16,22
5,9,15,19,23,19,23,22,21,22,16
5,9,15,19,23,19,23,22,21,22,18
5,9,15,19,25,19,23,22,21,16,12
5,9,15,19,25,19,23,22,21,16,22
5,9,15,19,25,19,23,22,21,22,16
5,9,15,19,25,19,23,22,21,22,18
