1,7,3,8,13,19,25,20,14,8,2
1,7,3,8,13,19,25,20,14,8,4
1,7,3,8,13,19,25,20,14,8,12
1,7,3,8,13,19,25,20,14,8,14
1,7,3,8,13,19,25,20,14,10,4
1,7,3,8,13,19,25,20,14,10,14
1,7,3,8,13,19,25,20,14,18,12
1,7,3,8,13,19,25,20,14,18,14
1,7,3,8,13,19,25,20,14,18,22
1,7,3,8,13,19,25,20,14,18,24
1,7,3,8,13,19,25,20,14,20,14
1,7,3,8,13,19,25,20,14,20,24
1,7,3,8,13,19,25,20,24,18,12
1,7,3,8,13,19,25,20,24,18,14
1,7,3,8,13,19,25,20,24,18,22
1,7,3,8,13,19,25,20,24,18,24
1,7,3,8,13,19,25,20,24,20,14
1,7,3,8,13,19,25,20,24,20,24
1,7,3,8,13,19,25,24,18,12,6
1,7,3,8,13,19,25,24,18,12,8
1,7,3,8,13,19,25,24,18,12,16
1,7,3,8,13,19,25,24,18,12,18
1,7,3,8,13,19,25,24,18,14,8
1,7,3,8,13,19,25,24,18,14,10
1,7,3,8,13,19,25,24,18,14,18
1,7,3,8,13,19,25,24,18,14,20
1,7,3,8,13,19,25,24,18,22,16
1,7,3,8,13,19,25,24,18,22,18
1,7,3,8,13,19,25,24,18,24,18
1,7,3,8,13,19,25,24,18,24,20
1,7,3,8,13,19,25,24,20,14,8
1,7,3,8,13,19,25,24,20,14,10
1,7,3,8,13,19,25,24,20,14,18
1,7,3,8,13,19,25,24,20,14,20
1,7,3,8,13,19,25,24,20,24,18
1,7,3,8,13,19,25,24,20,24,20
1,7,11,12,13,19,25,20,14,8,2
1,7,11,12,13,19,25,20,14,8,4
1,7,11,12,13,19,25,20,14,8,12
1,7,11,12,13,19,25,20,14,8,14
1,7,11,12,13,19,25,20,14,10,4
1,7,11,12,13,19,25,20,14,10,14
1,7,11,12,13,19,25,20,14,18,12
1,7,11,12,13,19,25,20,14,18,14
1,7,11,12,13,19,25,20,14,18,22
1,7,11,12,13,19,25,20,14,18,24
1,7,11,12,13,19,25,20,14,20,14
1,7,11,12,13,19,25,20,14,20,24
1,7,11,12,13,19,25,20,24,18,12
1,7,11,12,13,19,25,20,24,18,14
1,7,11,12,13,19,25,20,24,18,22
1,7,11,12,13,19,25,20,24,18,24
1,7,11,12,13,19,25,20,24,20,14
1,7,11,12,13,19,25,20,24,20,24
1,7,11,12,13,19,25,24,18,12,6
1,7,11,12,13,19,25,24,18,12,8
1,7,11,12,13,19,25,24,18,12,16
1,7,11,12,13,19,25,24,18,12,18
1,7,11,12,13,19,25,24,18,14,8
1,7,11,12,13,19,25,24,18,14,10
1,7,11,12,13,19,25,24,18,14,18
1,7,11,12,13,19,25,24,18,14,20
1,7,11,12,13,19,25,24,18,22,16
1,7,11,12,13,19,25,24,18,22,18
1,7,11,12,13,19,25,24,18,24,18
1,7,11,12,13,19,25,24,18,24,20
1,7,11,12,13,19,25,24,20,14,8
1,7,11,12,13,19,25,24,20,14,10
1,7,11,12,13,19,25,24,20,14,18
1,7,11,12,13,19,25,24,20,14,20
1,7,11,12,13,19,25,24,20,24,18
1,7,11,12,13,19,25,24,20,24,20
1,7,13,8,13,19,25,20,14,8,2
1,7,13,8,13,19,25,20,14,8,4
1,7,13,8,13,19,25,20,14,8,12
1,7,13,8,13,19,25,20,14,8,14
1,7,13,8,13,19,25,20,14,10,4
1,7,13,8,13,19,25,20,14,10,14
1,7,13,8,13,19,25,20,14,18,12
1,7,13,8,13,19,25,20,14,18,14
1,7,13,8,13,19,25,20,14,18,22
1,7,13,8,13,19,25,20,14,18,24
1,7,13,8,13,19,25,20,14,20,14
1,7,13,8,13,19,25,20,14,20,24
1,7,13,8,13,19,25,20,24,18,12
1,7,13,8,13,19,25,20,24,18,14
1,7,13,8,13,19,25,20,24,18,22
1,7,13,8,13,19,25,20,24,18,24
1,7,13,8,13,19,25,20,24,20,14
1,7,13,8,13,19,25,20,24,20,24
1,7,13,8,13,19,25,24,18,12,6
1,7,13,8,13,19,25,24,18,12,8
1,7,13,8,13,19,25,24,18,12,16
1,7,13,8,13,19,25,24,18,12,18
1,7,13,8,13,19,25,24,18,14,8
1,7,13,8,13,19,25,24,18,14,10
1,7,13,8,13,19,25,24,18,14,18
1,7,13,8,13,19,25,24,18,14,20
1,7,13,8,13,19,25,24,18,22,16
1,7,13,8,13,19,25,24,18,22,18
1,7,13,8,13,19,25,24,18,24,18
1,7,13,8,13,19,25,24,18,24,20
1,7,13,8,13,19,25,24,20,14,8
1,7,13,8,13,19,25,24,20,14,10
1,7,13,8,13,19,25,24,20,14,18
1,7,13,8,13,19,25,24,20,14,20
1,7,13,8,13,19,25,24,20,24,18
1,7,13,8,13,19,25,24,20,24,20
1,7,13,12,13,19,25,20,14,8,2
1,7,13,12,13,19,25,20,14,8,4
1,7,13,12,13,19,25,20,14,8,12
1,7,13,12,13,19,25,20,14,8,14
1,7,13,12,13,19,25,20,14,10,4
1,7,13,12,13,19,25,20,14,10,14
1,7,13,12,13,19,25,20,14,18,12
1,7,13,12,13,19,25,20,14,18,14
1,7,13,12,13,19,25,20,14,18,22
1,7,13,12,13,19,25,20,14,18,24
1,7,13,12,13,19,25,20,14,20,14
1,7,13,12,13,19,25,20,14,20,24
1,7,13,12,13,19,25,20,24,18,12
1,7,13,12,13,19,25,20,24,18,14
1,7,13,12,13,19,25,20,24,18,22
1,7,13,12,13,19,25,20,24,18,24
1,7,13,12,13,19,25,20,24,20,14
1,7,13,12,13,19,25,20,24,20,24
1,7,13,12,13,19,25,24,18,12,6
1,7,13,12,13,19,25,24,18,12,8
1,7,13,12,13,19,25,24,18,12,16
1,7,13,12,13,19,25,24,18,12,18
1,7,13,12,13,19,25,24,18,14,8
1,7,13,12,13,19,25,24,18,14,10
1,7,13,12,13,19,25,24,18,14,18
1,7,13,12,13,19,25,24,18,14,20
1,7,13,12,13,19,25,24,18,22,16
1,7,13,12,13,19,25,24,18,22,18
1,7,13,12,13,19,25,24,18,24,18
1,7,13,12,13,19,25,24,18,24,20
1,7,13,12,13,19,25,24,20,14,8
1,7,13,12,13,19,25,24,20,14,10
1,7,13,12,13,19,25,24,20,14,18
1,7,13,12,13,19,25,24,20,14,20
1,7,13,12,13,19,25,24,20,24,18
1,7,13,12,13,19,25,24,20,24,20
1,7,13,14,13,19,25,20,14,8,2
1,7,13,14,13,19,25,20,14,8,4
1,7,13,14,13,19,25,20,14,8,12
1,7,13,14,13,19,25,20,14,8,14
1,7,13,14,13,19,25,20,14,10,4
1,7,13,14,13,19,25,20,14,10,14
1,7,13,14,13,19,25,20,14,18,12
1,7,13,14,13,19,25,20,14,18,14
1,7,13,14,13,19,25,20,14,18,22
1,7,13,14,13,19,25,20,14,18,24
1,7,13,14,13,19,25,20,14,20,14
1,7,13,14,13,19,25,20,14,20,24
1,7,13,14,13,19,25,20,24,18,12
1,7,13,14,13,19,25,20,24,18,14
1,7,13,14,13,19,25,20,24,18,22
1,7,13,14,13,19,25,20,24,18,24
1,7,13,14,13,19,25,20,24,20,14
1,7,13,14,13,19,25,20,24,20,24
1,7,13,14,13,19,25,24,18,12,6
1,7,13,14,13,19,25,24,18,12,8
1,7,13,14,13,19,25,24,18,12,16
1,7,13,14,13,19,25,24,18,12,18
1,7,13,14,13,19,25,24,18,14,8
1,7,13,14,13,19,25,24,18,14,10
1,7,13,14,13,19,25,24,18,14,18
1,7,13,14,13,19,25,24,18,14,20
1,7,13,14,13,19,25,24,18,22,16
1,7,13,14,13,19,25,24,18,22,18
1,7,13,14,13,19,25,24,18,24,18
1,7,13,14,13,19,25,24,18,24,20
1,7,13,14,13,19,25,24,20,14,8
1,7,13,14,13,19,25,24,20,14,10
1,7,13,14,13,19,25,24,20,14,18
1,7,13,14,13,19,25,24,20,14,20
1,7,13,14,13,19,25,24,20,24,18
1,7,13,14,13,19,25,24,20,24,20
1,7,13,14,15,19,25,20,14,8,2
1,7,13,14,15,19,25,20,14,8,4
1,7,13,14,15,19,25,20,14,8,12
1,7,13,14,15,19,25,20,14,8,14
1,7,13,14,15,19,25,20,14,10,4
1,7,13,14,15,19,25,20,14,10,14
1,7,13,14,15,19,25,20,14,18,12
1,7,13,14,15,19,25,20,14,18,14
1,7,13,14,15,19,25,20,14,18,22
1,7,13,14,15,19,25,20,14,18,24
1,7,13,14,15,19,25,20,14,20,14
1,7,13,14,15,19,25,20,14,20,24
1,7,13,14,15,19,25,20,24,18,12
1,7,13,14,15,19,25,20,24,18,14
1,7,13,14,15,19,25,20,24,18,22
1,7,13,14,15,19,25,20,24,18,24
1,7,13,14,15,19,25,20,24,20,14
1,7,13,14,15,19,25,20,24,20,24
1,7,13,14,15,19,25,24,18,12,6
1,7,13,14,15,19,25,24,18,12,8
1,7,13,14,15,19,25,24,18,12,16
1,7,13,14,15,19,25,24,18,12,18
1,7,13,14,15,19,25,24,18,14,8
1,7,13,14,15,19,25,24,18,14,10
1,7,13,14,15,19,25,24,18,14,18
1,7,13,14,15,19,25,24,18,14,20
1,7,13,14,15,19,25,24,18,22,16
1,7,13,14,15,19,25,24,18,22,18
1,7,13,14,15,19,25,24,18,24,18
1,7,13,14,15,19,25,24,18,24,20
1,7,13,14,15,19,25,24,20,14,8
1,7,13,14,15,19,25,24,20,14,10
1,7,13,14,15,19,25,24,20,14,18
1,7,13,14,15,19,25,24,20,14,20
1,7,13,14,15,19,25,24,20,24,18
1,7,13,14,15,19,25,24,20,24,20
1,7,13,14,19,25,19,14,8,2,6
1,7,13,14,19,25,19,14,8,2,8
1,7,13,14,19,25,19,14,8,4,8
1,7,13,14,19,25,19,14,8,4,10
1,7,13,14,19,25,19,14,8,12,6
1,7,13,14,19,25,19,14,8,12,8
1,7,13,14,19,25,19,14,8,12,16
1,7,13,14,19,25,19,14,8,12,18
1,7,13,14,19,25,19,14,8,14,8
1,7,13,14,19,25,19,14,8,14,10
1,7,13,14,19,25,19,14,8,14,18
1,7,13,14,19,25,19,14,8,14,20
1,7,13,14,19,25,19,14,10,4,8
1,7,13,14,19,25,19,14,10,4,10
1,7,13,14,19,25,19,14,10,14,8
1,7,13,14,19,25,19,14,10,14,10
1,7,13,14,19,25,19,14,10,14,18
1,7,13,14,19,25,19,14,10,14,20
1,7,13,14,19,25,19,14,18,12,6
1,7,13,14,19,25,19,14,18,12,8
1,7,13,14,19,25,19,14,18,12,16
1,7,13,14,19,25,19,14,18,12,18
1,7,13,14,19,25,19,14,18,14,8
1,7,13,14,19,25,19,14,18,14,10
1,7,13,14,19,25,19,14,18,14,18
1,7,13,14,19,25,19,14,18,14,20
1,7,13,14,19,25,19,14,18,22,16
1,7,13,14,19,25,19,14,18,22,18
1,7,13,14,19,25,19,14,18,24,18
1,7,13,14,19,25,19,14,18,24,20
1,7,13,14,19,25,19,14,20,14,8
1,7,13,14,19,25,19,14,20,14,10
1,7,13,14,19,25,19,14,20,14,18
1,7,13,14,19,25,19,14,20,14,20
1,7,13,14,19,25,19,14,20,24,18
1,7,13,14,19,25,19,14,20,24,20
1,7,13,14,19,25,19,18,12,6,2
1,7,13,14,19,25,19,18,12,6,12
1,7,13,14,19,25,19,18,12,8,2
1,7,13,14,19,25,19,18,12,8,4
1,7,13,14,19,25,19,18,12,8,12
1,7,13,14,19,25,19,18,12,8,14
1,7,13,14,19,25,19,18,12,16,12
1,7,13,14,19,25,19,18,12,16,22
1,7,13,14,19,25,19,18,12,18,12
1,7,13,14,19,25,19,18,12,18,14
1,7,13,14,19,25,19,18,12,18,22
1,7,13,14,19,25,19,18,12,18,24
1,7,13,14,19,25,19,18,14,8,2
1,7,13,14,19,25,19,18,14,8,4
1,7,13,14,19,25,19,18,14,8,12
1,7,13,14,19,25,19,18,14,8,14
1,7,13,14,19,25,19,18,14,10,4
1,7,13,14,19,25,19,18,14,10,14
1,7,13,14,19,25,19,18,14,18,12
1,7,13,14,19,25,19,18,14,18,14
1,7,13,14,19,25,19,18,14,18,22
1,7,13,14,19,25,19,18,14,18,24
1,7,13,14,19,25,19,18,14,20,14
1,7,13,14,19,25,19,18,14,20,24
1,7,13,14,19,25,19,18,22,16,12
1,7,13,14,19,25,19,18,22,16,22
1,7,13,14,19,25,19,18,22,18,12
1,7,13,14,19,25,19,18,22,18,14
1,7,13,14,19,25,19,18,22,18,22
1,7,13,14,19,25,19,18,22,18,24
1,7,13,14,19,25,19,18,24,18,12
1,7,13,14,19,25,19,18,24,18,14
1,7,13,14,19,25,19,18,24,18,22
1,7,13,14,19,25,19,18,24,18,24
1,7,13,14,19,25,19,18,24,20,14
1,7,13,14,19,25,19,18,24,20,24
1,7,13,14,19,25,19,20,14,8,2
1,7,13,14,19,25,19,20,14,8,4
1,7,13,14,19,25,19,20,14,8,12
1,7,13,14,19,25,19,20,14,8,14
1,7,13,14,19,25,19,20,14,10,4
1,7,13,14,19,25,19,20,14,10,14
1,7,13,14,19,25,19,20,14,18,12
1,7,13,14,19,25,19,20,14,18,14
1,7,13,14,19,25,19,20,14,18,22
1,7,13,14,19,25,19,20,14,18,24
1,7,13,14,19,25,19,20,14,20,14
1,7,13,14,19,25,19,20,14,20,24
1,7,13,14,19,25,19,20,24,18,12
1,7,13,14,19,25,19,20,24,18,14
1,7,13,14,19,25,19,20,24,18,22
1,7,13,14,19,25,19,20,24,18,24
1,7,13,14,19,25,19,20,24,20,14
1,7,13,14,19,25,19,20,24,20,24
1,7,13,14,19,25,19,24,18,12,6
1,7,13,14,19,25,19,24,18,12,8
1,7,13,14,19,25,19,24,18,12,16
1,7,13,14,19,25,19,24,18,12,18
1,7,13,14,19,25,19,24,18,14,8
1,7,13,14,19,25,19,24,18,14,10
1,7,13,14,19,25,19,24,18,14,18
1,7,13,14,19,25,19,24,18,14,20
1,7,13,14,19,25,19,24,18,22,16
1,7,13,14,19,25,19,24,18,22,18
1,7,13,14,19,25,19,24,18,24,18
1,7,13,14,19,25,19,24,18,24,20
1,7,13,14,19,25,19,24,20,14,8
1,7,13,14,19,25,19,24,20,14,10
1,7,13,14,19,25,19,24,20,14,18
1,7,13,14,19,25,19,24,20,14,20
1,7,13,14,19,25,19,24,20,24,18
1,7,13,14,19,25,19,24,20,24,20
1,7,13,18,13,19,25,20,14,8,2
1,7,13,18,13,19,25,20,14,8,4
1,7,13,18,13,19,25,20,14,8,12
1,7,13,18,13,19,25,20,14,8,14
1,7,13,18,13,19,25,20,14,10,4
1,7,13,18,13,19,25,20,14,10,14
1,7,13,18,13,19,25,20,14,18,12
1,7,13,18,13,19,25,20,14,18,14
1,7,13,18,13,19,25,20,14,18,22
1,7,13,18,13,19,25,20,14,18,24
1,7,13,18,13,19,25,20,14,20,14
1,7,13,18,13,19,25,20,14,20,24
1,7,13,18,13,19,25,20,24,18,12
1,7,13,18,13,19,25,20,24,18,14
1,7,13,18,13,19,25,20,24,18,22
1,7,13,18,13,19,25,20,24,18,24
1,7,13,18,13,19,25,20,24,20,14
1,7,13,18,13,19,25,20,24,20,24
1,7,13,18,13,19,25,24,18,12,6
1,7,13,18,13,19,25,24,18,12,8
1,7,13,18,13,19,25,24,18,12,16
1,7,13,18,13,19,25,24,18,12,18
1,7,13,18,13,19,25,24,18,14,8
1,7,13,18,13,19,25,24,18,14,10
1,7,13,18,13,19,25,24,18,14,18
1,7,13,18,13,19,25,24,18,14,20
1,7,13,18,13,19,25,24,18,22,16
1,7,13,18,13,19,25,24,18,22,18
1,7,13,18,13,19,25,24,18,24,18
1,7,13,18,13,19,25,24,18,24,20
1,7,13,18,13,19,25,24,20,14,8
1,7,13,18,13,19,25,24,20,14,10
1,7,13,18,13,19,25,24,20,14,18
1,7,13,18,13,19,25,24,20,14,20
1,7,13,18,13,19,25,24,20,24,18
1,7,13,18,13,19,25,24,20,24,20
1,7,13,18,19,25,19,14,8,2,6
1,7,13,18,19,25,19,14,8,2,8
1,7,13,18,19,25,19,14,8,4,8
1,7,13,18,19,25,19,14,8,4,10
1,7,13,18,19,25,19,14,8,12,6
1,7,13,18,19,25,19,14,8,12,8
1,7,13,18,19,25,19,14,8,12,16
1,7,13,18,19,25,19,14,8,12,18
1,7,13,18,19,25,19,14,8,14,8
1,7,13,18,19,25,19,14,8,14,10
1,7,13,18,19,25,19,14,8,14,18
1,7,13,18,19,25,19,14,8,14,20
1,7,13,18,19,25,19,14,10,4,8
1,7,13,18,19,25,19,14,10,4,10
1,7,13,18,19,25,19,14,10,14,8
1,7,13,18,19,25,19,14,10,14,10
1,7,13,18,19,25,19,14,10,14,18
1,7,13,18,19,25,19,14,10,14,20
1,7,13,18,19,25,19,14,18,12,6
1,7,13,18,19,25,19,14,18,12,8
1,7,13,18,19,25,19,14,18,12,16
1,7,13,18,19,25,19,14,18,12,18
1,7,13,18,19,25,19,14,18,14,8
1,7,13,18,19,25,19,14,18,14,10
1,7,13,18,19,25,19,14,18,14,18
1,7,13,18,19,25,19,14,18,14,20
1,7,13,18,19,25,19,14,18,22,16
1,7,13,18,19,25,19,14,18,22,18
1,7,13,18,19,25,19,14,18,24,18
1,7,13,18,19,25,19,14,18,24,20
1,7,13,18,19,25,19,14,20,14,8
1,7,13,18,19,25,19,14,20,14,10
1,7,13,18,19,25,19,14,20,14,18
1,7,13,18,19,25,19,14,20,14,20
1,7,13,18,19,25,19,14,20,24,18
1,7,13,18,19,25,19,14,20,24,20
1,7,13,18,19,25,19,18,12,6,2
1,7,13,18,19,25,19,18,12,6,12
1,7,13,18,19,25,19,18,12,8,2
1,7,13,18,19,25,19,18,12,8,4
1,7,13,18,19,25,19,18,12,8,12
1,7,13,18,19,25,19,18,12,8,14
1,7,13,18,19,25,19,18,12,16,12
1,7,13,18,19,25,19,18,12,16,22
1,7,13,18,19,25,19,18,12,18,12
1,7,13,18,19,25,19,18,12,18,14
1,7,13,18,19,25,19,18,12,18,22
1,7,13,18,19,25,19,18,12,18,24
1,7,13,18,19,25,19,18,14,8,2
1,7,13,18,19,25,19,18,14,8,4
1,7,13,18,19,25,19,18,14,8,12
1,7,13,18,19,25,19,18,14,8,14
1,7,13,18,19,25,19,18,14,10,4
1,7,13,18,19,25,19,18,14,10,14
1,7,13,18,19,25,19,18,14,18,12
1,7,13,18,19,25,19,18,14,18,14
1,7,13,18,19,25,19,18,14,18,22
1,7,13,18,19,25,19,18,14,18,24
1,7,13,18,19,25,19,18,14,20,14
1,7,13,18,19,25,19,18,14,20,24
1,7,13,18,19,25,19,18,22,16,12
1,7,13,18,19,25,19,18,22,16,22
1,7,13,18,19,25,19,18,22,18,12
1,7,13,18,19,25,19,18,22,18,14
1,7,13,18,19,25,19,18,22,18,22
1,7,13,18,19,25,19,18,22,18,24
1,7,13,18,19,25,19,18,24,18,12
1,7,13,18,19,25,19,18,24,18,14
1,7,13,18,19,25,19,18,24,18,22
1,7,13,18,19,25,19,18,24,18,24
1,7,13,18,19,25,19,18,24,20,14
1,7,13,18,19,25,19,18,24,20,24
1,7,13,18,19,25,19,20,14,8,2
1,7,13,18,19,25,19,20,14,8,4
1,7,13,18,19,25,19,20,14,8,12
1,7,13,18,19,25,19,20,14,8,14
1,7,13,18,19,25,19,20,14,10,4
1,7,13,18,19,25,19,20,14,10,14
1,7,13,18,19,25,19,20,14,18,12
1,7,13,18,19,25,19,20,14,18,14
1,7,13,18,19,25,19,20,14,18,22
1,7,13,18,19,25,19,20,14,18,24
1,7,13,18,19,25,19,20,14,20,14
1,7,13,18,19,25,19,20,14,20,24
1,7,13,18,19,25,19,20,24,18,12
1,7,13,18,19,25,19,20,24,18,14
1,7,13,18,19,25,19,20,24,18,22
1,7,13,18,19,25,19,20,24,18,24
1,7,13,18,19,25,19,20,24,20,14
1,7,13,18,19,25,19,20,24,20,24
1,7,13,18,19,25,19,24,18,12,6
1,7,13,18,19,25,19,24,18,12,8
1,7,13,18,19,25,19,24,18,12,16
1,7,13,18,19,25,19,24,18,12,18
1,7,13,18,19,25,19,24,18,14,8
1,7,13,18,19,25,19,24,18,14,10
1,7,13,18,19,25,19,24,18,14,18
1,7,13,18,19,25,19,24,18,14,20
1,7,13,18,19,25,19,24,18,22,16
1,7,13,18,19,25,19,24,18,22,18
1,7,13,18,19,25,19,24,18,24,18
1,7,13,18,19,25,19,24,18,24,20
1,7,13,18,19,25,19,24,20,14,8
1,7,13,18,19,25,19,24,20,14,10
1,7,13,18,19,25,19,24,20,14,18
1,7,13,18,19,25,19,24,20,14,20
1,7,13,18,19,25,19,24,20,24,18
1,7,13,18,19,25,19,24,20,24,20
1,7,13,18,23,19,25,20,14,8,2
1,7,13,18,23,19,25,20,14,8,4
1,7,13,18,23,19,25,20,14,8,12
1,7,13,18,23,19,25,20,14,8,14
1,7,13,18,23,19,25,20,14,10,4
1,7,13,18,23,19,25,20,14,10,14
1,7,13,18,23,19,25,20,14,18,12
1,7,13,18,23,19,25,20,14,18,14
1,7,13,18,23,19,25,20,14,18,22
1,7,13,18,23,19,25,20,14,18,24
1,7,13,18,23,19,25,20,14,20,14
1,7,13,18,23,19,25,20,14,20,24
1,7,13,18,23,19,25,20,24,18,12
1,7,13,18,23,19,25,20,24,18,14
1,7,13,18,23,19,25,20,24,18,22
1,7,13,18,23,19,25,20,24,18,24
1,7,13,18,23,19,25,20,24,20,14
1,7,13,18,23,19,25,20,24,20,24
1,7,13,18,23,19,25,24,18,12,6
1,7,13,18,23,19,25,24,18,12,8
1,7,13,18,23,19,25,24,18,12,16
1,7,13,18,23,19,25,24,18,12,18
1,7,13,18,23,19,25,24,18,14,8
1,7,13,18,23,19,25,24,18,14,10
1,7,13,18,23,19,25,24,18,14,18
1,7,13,18,23,19,25,24,18,14,20
1,7,13,18,23,19,25,24,18,22,16
1,7,13,18,23,19,25,24,18,22,18
1,7,13,18,23,19,25,24,18,24,18
1,7,13,18,23,19,25,24,18,24,20
1,7,13,18,23,19,25,24,20,14,8
1,7,13,18,23,19,25,24,20,14,10
1,7,13,18,23,19,25,24,20,14,18
1,7,13,18,23,19,25,24,20,14,20
1,7,13,18,23,19,25,24,20,24,18
1,7,13,18,23,19,25,24,20,24,20
