0000101001011010001010011000000001101001111101000101100111111110
0101110101001101110011011000111011101010011100100011100101100111
0100100001000111001111100101111111101001010111100001101011011100
0001101000100001100011101000011110001010011010100110100001011110
0100010110101001011111101111110010001110001000010101000001011101
1101000111000011001010010001010000100001110001110101000100000101
0100011001111011000101011010101100111100100010010110100011100010
0101001000010000101111111110111011100001000101110110001111001100
1101100100010110011100001010100110010110001001111000110011010010
0101010001010010001010010100011001101101100110101011110100000010
1110001000110110111000100101011001110101110010001000010101001111
1100111001011110011011101010000010101010000000110111111000010001
0011010110001101011100111110100001010110111101101000111111001010
1000010001010001101101011000111010101100000101100010110100011001
1100000110110100111010001101100100111111100000110010100101111011
1001000110101001000101010000011101000011111110011101101100101011
1111100101011101110100101010001000001100010111011111100000110010
1101100000101011101001010001101000101001100111010110100111100100
0011000010101010010000100000110000100001111100001000111011000011
0001110010100111010010000101111111101011110111111010001011100100
0001011101000111000001110001000110111111001110111110101001101110
1001111110000110110101100000001101011011000110110001000010100010
0001101010010001100101110111100001000101000111011101011000101000
1000000001011101011110111110001011011100010100011111010100111000
1010101011000110001101110011111011101010011011111000100110110100
1010101010011101001101001000001000000000100000001101110101011011
0101100011001001001101110010010110111010101111010111111100011001
0010001101010101001110010011100011010110111111011011001011010100
1000100011110001110010011110000011010100110010111111111111100001
1000010011101111001001110111110101000011111011110000000000011011
0111010010010011110111010111110111000011100100101001010111111011
1110111101010011110111010001011100101111110111001010100110000110
1101110000011010111001000010010010001011000110000101000101111000
1001111000000011111101101100110111101101111011100100101101000001
1110100100010011001001110110011011000010000001101011110010001110
0110101110001000001011100000000101101100101011100000010000111100
0111010001010101010101111011111010110001111110111110110100000111
1100010001011001011101100001001010100111010010101000001010001110
1101100011000000000010100001100111010010101110101010101000100100
1001000111001110011000100100000001111011010100011000101110000001
0010010101100110101001110111101010100001001011000000111100011101
1001010101111111100000000010010010111011000001000110101111000100
0000101000110110111110010001110010010010111000010101101111001010
1001000001001111000101111010000001011100011100010100011101101000
1100000000100110101110011111011011101101111010110010011101010001
0110010011101001111110101101100001000100010111100111010100101010
0011111000101111001100111000100100101001010110110100111100001110
1000111101010110010011001101011001000001010101100111101101100100
1001010110100000100001101010010111001100001100100011001111110110
1011111101001000100111011010000011011111111010111010100110111110
1000101101011111000111011010010010010111100000011100011000000001
1100100100100000001101001111111100110101001001110101001010111101
1101110111001011100001101110001000011000110010111111101100001011
0100110011101111001010110111110110010101111001010001100001110000
1100100110101100111110111000110010001010001101100000001001110101
1011101100100110101010101000010010111100100101110010001001101101
0011010010010011010000010010101010100101100101011011110110111101
1100101101111001010010111011001011110100111000010011111000100000
0011010000000011100110001110011010101010100111100110110001000111
0011001010101000011110000010101110011001010001100000100111100000
1001101101111000001000111010100101010011010011010011100000100010
1000110110111001110101010111110011001000100010101111110001000111
0100010000010111111110100001010010011000000011011110001100011010
1000110100100111011001000111010100110010110100101011110111000100
0001011011000110010110111010110011110100000111001011001011011110
0110000110101001010000100101110101111100100100110111000111011101
1110110010111011000101000100000100011011011001101001001010111100
1001000011011000101111111011101011110100110101000011001010001000
0010000111010110000110010010111101001011011111100101001010111010
1111110001001001101001000011111001111100110011000111001110100110
0110010010001000010100110011111011111000001010000000110110111100
0111001001110001001111110111011110110001111100111011001100011000
1001101001101001010011000111111100100011110101010011111100000010
0011011101011001001000000011011010001000100110000111110000110001
0010000101000100111011011010100000001011111010001001111111110010
0110111101001100111101001010110011111010100011101100001000100001
1011101011001110010000011110010100011010111110111011111010110010
0101010101001110000011100010010000000000101000100110100001110000
0010111000111110101111000010100010010011001001001111000000001000
0010101011000101010100111111110101011111001000100110110001000001
1111011001000100110000111110010010111100101100010110100100000011
0010111010011101110000000111110000000100010110010100100110100110
0010110001001001011010000001001001000100000001011111001111110001
1100011001011011000000110011101011011000101100110010111010000111
1010111001010010011001011111010011001011000101001111111101010010
0000111100111101001100100011010101110000100001001110000011011010
1111010010010111000000111010101101110100001001011101010001110001
1010000100111011010100111100100110010111101011011001101111010001
0001000010111100011110110110101101001011000100010110011001011000
1111100010111010111100000110001100101101111010110011010011101001
0010110010001110110111111011110110010110000111000000111011101000
1001111000011000000110100011011110000110000101101101001101110010
1111110110101000100111100010111011010011111111111000011100010101
0001010100011100000001011110010011101100110010111000001100001011
1001010000100111000100000010000011101001111001000001111101001101
1100001111111111001100100001001110000110100000101111011001001000
0100010101110101101001111110001110001111010110101001000001100110
0010010111100010010101110000110010110101010110011010110010010011
0000001011110010010100001010101000101100000101101101110000100000
0010010111100011110000000000101110100010101010001001001000111000
1011111001010010000100001101100111100011101001110100000111110010
0100011110100110000100000000011011101101011011100111100100110010
0110001011101011100011010110101110011101010101001001000011000111
0011101010111011010110101001111010101000010100001110001101000000
0111001101000011111010100101110001011000011111100110111000110011
1101100100101100000000001111000010001011000000000000100010010000
1100010011010101101011010001010011001110010110000000000010100010
1010000010100001101111011010010101110001000110111110110001100001
0011000101111001011111111101110100001000100010010111101011101001
0101011011011010100011101000110111000000101011011011110000111011
0101101010000100001100000011000010001000010011101110011001001100
0010010011001110011101010000101000101000100000010010101111001001
0011111011111000101000110101111011001001111100100011010100011110
0100010010110010101011000110011101111011011100010011100100000111
1110110111010110110100000001001010011010011110110110010111110110
1111100001011011110100001010110011011100110100010011011010011111
0101101101010111111100000000001001001101001111101100101011100010
1010011010111110001100100010100011000110001011010010110000011111
1100110001100111001010101111101110001010011111101011111110100101
1010001100100100011111111101011100011011101010011011110001110001
1111000000100111011101011000001000010110010000010110100000000011
0100110110000011001100100010011011010101111011000011010000100010
1001100010011100010010100110101000001111011010001110100011110010
1010100010010010011101010101101111110011010000001100110100010001
1110100110001011000101101001001000010100110110001000010010110111
1101100100111111110010001110010011110110111001110101000001011111
1111011100010010000001001101101110111110110010100101000001010111
0001111001010110100001000010011111000011000011010000000011011101
1000101011110100101111110011110100000111011011101101101000100001
1101111011000000001111100010111010100000101101011110111101111011
0101111001111111110100010111101010000110100010011100011001001000
1011011001111011101000111001011100100000111011111100100110000111
0001101100100011011001001011101000101101000011111100100101101110
0000010000100001111000110100100101010100001100001011101000001111
1011000111010010000001011000001000010110010111100000111011011111
1011001010000101111101000011010011011010101010111001111100011001
0011000001011110000110101100110110100100111110011110000011000001
1101110101010100010000100100000111110111101000010111001000111001
1010100010111110110100110001110100000100010101110110111100111111
1011110101001011100100000111100010111101010010010100101000000100
1010000001010101101101101000010000011011011110001000011000111110
0001110110010010111100110110100100100110000110101110001010110101
1010010000011010000100011010111011100110100000110111100010001000
1110000000001110000111111010001001010000001011010111100111011000
0100111010100110010011010100101001100100001111001010011010001001
1111101011110001101001111001100011000110101011000101010001000101
1000000000100101001100001100011011101111101010000111010101100110
0100010100001110111111001001000101101100010100001011110001100000
1101111100110010011011000001111101111001001001001001100011000001
0100100010000111001110000110000101100100001010011101110111000111
1000100011001101000000011010000111000011001101000000000111000111
1101110110010001000100011101000101101100000100011010111101101100
0110010010101010010001010001000110011110111001100111110111010101
0110001000001001100101001100111011011001100100111101110010101000
0111010001100001101101110001010100101010011011011100111000001110
0101001010101110000011111001000110001000001111001101001110001101
1100110001001000111101001000010100110010001111100010010110011001
0110111011010101001100110110010010000100110111100100101111011011
1010011111001110100010000110001011001100100111111101011111001101
1100000001100100100100011000011010101001101000010110101110000001
0110000001100000011001111110000011011011010111111001001000101111
1001011010011111000110110001000001110001110100001100111001001011
1010100010001011010110100011110110101001001010110110110110111100
1001100111100110100010010000000011010101110110000111001101100010
1011000000000001011110010001111000101000110001100101101001101011
1011101001011100100101110100001000101101000001101010011010001001
1011000010111000110100101111111001101100000101100101110001100111
0100001000000010100101010100101110111100010001111101110110111000
0101010111100101010101101110000001101100100101101111000100010110
0101100101010000100110101100110111010101010100111000000001001100
1010001010110001110010111010100011110100101111010110010001111100
1000111001101111000011101101000110001100000001111001111001001010
0100010000011011000111100011000010000000011000001001000110000110
1100011110110010000111100011100011110110100011011010001101100101
0110110011110010000101011100000101111011000001110001111001011110
1101000111011010000011011010010000100000111010000100001110001101
0011011000110111010110011010000010010100000011000010001101111101
1010000100000111000101111001100001000101001100011111011110101101
0011111111111101000111011101000001011101101011001101111001010100
1110000101000001101011111001101011011000011101111010111001110101
1010101110101111110101111011011001001110110111111010111000110010
1100000000101110101100010011100001001010011000111000001010000110
0111011010111111110101000000101001010110010101110001001010010011
1111011001000011010001010100100000110010001110101001101101100000
0101111001001110110000000001011000111011110010000100011011111110
1010100110101100101110111101110000011001111011101001000011110010
0001000101100011111000110111001100010000010100111111011101100100
1101110111000010000100000110101100000010110110000010001110000001
1100011010100100110100110100110100101100111000100111011010111001
1011000010010110110000111111111110000011001011001101101110011110
1010001011010110011100011000110001000001100111001011111110101100
1001111101001010011001010110110011111001001010111001111101111011
1100010000001001110110001101010101000110111101101110111010010111
0111001011101010000010111011000010001110101000100100100001101010
0000100110011101101111101110110100101000111000110000111011000010
0000010001101111111100100110110000110000110110101111011011110000
1000100001110110001000000110001011110001001001001000010000110000
1100110111010111000111111010110111100010010010011011011111100101
1100100100000000011011011101110000011000101011110110100101100110
0110101110010100100110010010111011100100111110110110011001110010
0011001011100000101111110010111011001100000011011111110011111000
1010111100111010100100000110101100111100110000001000011001010111
1010111100000110001110101101010111101110010100100001111000100100
1010010100100100010100111010001011101001111000000110011000000000
1000010100010011001001000011110011100010101101001011010010110100
0000101111011111101101001000011010110111000001000101111011101101
1101000000001011000011110110100010001101100000011011000010001011
1111010011010101110110110111110111110001011010000111111110001101
0110110110011000010101000111110010110101001100100001000010101111
0000101001111100111001100111101100100101001110000110100101001101
1010001000101001011000001101110100010011011011000111000110101111
0011000110110111101011000100111011101011110000000101100100100101
0000101101110000101000101111001000100100001100111000011011001001
1101011110001000111010001101111000010110110000001101110110101010
0001011110110100000101010011001000011001101110000110011101010111
0110100010000111010110011100111011110100011000001100001110111110
1000001101101001101011101000111001100111011000111000001010010000
1100110110111010000011100100000011001010011110011110110000010111
1100010111110000010011110011100101011101010011001110001110001100
0000100010110110110100101111001010010000110100111011110110110101
1000000110101110010100111100101100001110001100011101000110011011
1010101101000010100011010001110010110101001110001000011110010011
1011101000100100110101101000001100101111110110001011000100101101
0001001111011011100000110001100001110011101001101100110110110100
0000001010011101011011111010001001000000000010001001100101000100
0101110100111101100010111100111110111110011100110111010110111010
0011110011111010110111101111100100111101110011011010111011011000
0100001111000011000100101100010011010000001110000011000000010000
0111110010010111111011011011100101000100111011111010101001110100
1111111001111111110011000100111111111001010010111001101010010101
1000000000111110110101001100010010101000110001111000110010101000
0101101010111011111010010000000100000000010110000001010010100100
0011000011110111001110011010011101111000000011101101101101100110
0001001011001110110001100010100011000100011110011011100101000000
0110100111101100110111110101110000000011101110011011000001000101
0100011101101001001010111011100011001010011010001110010101010100
1001001000000011000000100000000100010011010001011010101111000010
0001000010011011000101100000001111011010001100001100111101111101
1100001011111000000011110110101010110001100110000001001111000101
0010000101001111110101000101110000011001011101000110010000101110
0110111010010100000000000011001001011010000000000100110011011001
1100101111110110001000110110100100110000000101001011011110101100
0010010010101110001101000011110000111010110000111100000011010101
1110001000001101110110011100100100101110011000110000101001101101
1110110100111101001110101010100111101100000110000000001011000110
1010000010111011111101111101011100000100001010101100100000110011
0110001001001011000110101110000001111000100100100111111000010100
0111011110010010001010100110100001110111001111011110110111000111
0100000000100101011111111111010000011000101001001111111001101100
1101001101011011100010111100110101011110110100101100110011011101
1000011111010011110101100100110111000111110110111000111110011101
1011101101011000111100100101001001101111011100101001110101110001
0110111011001111100001001001101010100111100110000000000101101011
0101011010110101111001100010001101000000011000001100011100111011
1010110111001001001111100111111000101110101110101100000011110111
0000100101101001000000101011100010110111010101101001101111110011
0110111010110110101011010101110110101101010000110011000001011000
0110010100101010000110000100011101111111100110100001111000110101
1110001011001001101100101000111101111000111010011000011011010011
0011100100000100011011111101100101011101010011101110001011100011
0011001000110110111000111010101101000011011100011110011001000111
1011101000001001111111010101010001001100000101001111000000000101
1101111011010110000000101100001001101111011110100100100101100011
0010001011011000000010011000111111100101100100010010010011000100
0100000001010001101100000111110000100111100110001101110000000101
1110111011111000010100101001011000100110011011101001001010101110
0000100001011111010110010101010111001001010011000010011010101001
1100111110101100110111111100110101000010010101101101011010001110
1011101111110000000111001011101011101010011001110110001010111000
1011100101110110011010001000111010101011010001000001100011100000
0110101101111111110001110111001101011000011010100111111100010101
0010010000011110001000110000000101001100111110000101011110011110
0011010100100011110101010000101100011001110001000111011000001001
0110010111110001101110101111010011001001010111011011000000111110
1101000001101001000000111100100111110100111100110111000101011001
0011011111001000010010110110111011001111010011111101000110010111
0100100000101000000001111011101101000001111101010100101001010100
1110101110100101011010110000001011010010000100010001101110100010
1100100001110100011001100011000001101101111110010110010011000101
1101001111010100001100001001111001100010010100010111111011110110
1101011111001111000101010010100111100101111011100111100111100001
1010100111110101010100100011010110011001010001011101110101000110
0001001000110101010010010010111000110011100011100001110101000101
1000101101101001111010010100011000110010100010010010111111010110
1000111000100110001110111011001010000101110101111110101100111000
1000010000110101011111010100111001101011111000001100101011001101
1001100111100101100101101000110101110110000001101010101000000110
0111010101100001111111101011110111001111101011000001111111101110
1110000000011010100110100111111111100011111111101001000100000010
1111001011100010011110010110000011101110111001011011011110011100
0101101100111001000000101001110101011010011101110011101011001000
1101000010111100000001110001100111010110110010100101001110011010
0101011001110000110111111100000010111011100000011100000111000011
1001011011000011000011010011100100111101001011100111111000101000
1101011111011000110001001011110000101000100010111010101011110001
0000100100001011111010010001000110001100001110000011101100110110
0111100001011011001101111011101011111111011010011010110101000111
1000110101001011011110110000011010011101111010100000000101010111
0100100001101110101011100101000100100100100101111010110010101000
1010001000011101100001000000111001011101001011001001001011011001
1010111111000000000111100100001011110000000000000011011100010101
0000011010010001000001001100000100110111001010100010111111101010
0100011000101001110101000110101100111011101011101100101001000000
1000001101001000101110001000101000100101100101100101011110111000
1000100111111110110001101001100101111010100110001111001111010010
0000100011101001111000000111001111001011100011000101110110111011
1000101110010000000010000011111110100011100010110010110011000101
0111100011011110111001000001110000110110110100000011010010110000
1110111011011111010110011001110010001000101101101111100101110101
1001001110000111110010101011011101100100001111101110011011010100
0101101011011110010100101011010101110111000011111111000101011010
0000001110011001100000101100011111101000010111101111000011110011
0111111111001100111011110101110110010111011000111111000110111010
0101000111001110001011000011100100100110111101010010100110110111
1100011100110011001011000000111110001011111010110010010100010100
0100111000111011001011001111111111010110101011111011001001110110
1011110011111001001110001110111110001100010100111010111110111110
1111100101111010101011000001011000100101011010000100001000101011
1000010000011010110110110011110111011000100001100101010010000000
1111001110000111001101011001000101110010101001001011000010000011
1100010110110011101001011110010111010100000100010110000110111011
1100101010001001111101100110011011100000100110110101001100011110
0101111011001110010100000000011111111001111001001100111111101001
0110010100000110011110101101000000110011100100101101010011101011
1100101010110010001011001011101110000011001100011100011000010111
1110011010010001110111100101100101110101110001001010100111111000
0010111011001110100010110010110010111011010111011001100000011100
0100000010111101100000110110000011000101101000010101101110110010
0111101000010010010100010110110111011101110010100110001011111100
1011011010010101011101001111110000110001011001010110101011101100
0010011010111101010100011100101111000100101011111010111001001010
1011011110110011000000011101011011110100101101111100100100000111
1101111001011000011000010000001110110111000000000110010110101110
0000010001100101101011101110011111000000000010010111110110001111
0001110001001101000011100101110100011100110011100111010101110110
0011111110110110100000101101110110110010100000000001011010011111
1111010111010011001010110110111000001010000011011000001011111011
1101101010110110110111101111100110101110101100110111110010100101
0011011110000100100101111110100100010110111010101011011111100111
0000011101101010100111100100101011111111001100011001111100000110
0001101000001101010001101101010010001101101000001101100100011000
1110100100101111101110101011111001111100100001111000101101111011
0110111000101101010101010011011011001111110010101101111110110100
1001110111111010100110000100101101101100100100001100110100101000
1111101110101110110011010110000010000110010100000101100111101100
0111001111001111001001101101001100101001110101100011101001011101
0111001011010100101110001100000101101011111000010010011111111111
1101110011001010110101000011000110010000000001010011100101011000
0000111001000011001011100010010101011111010001001011000000101011
1010100011001001011000100111010100001110001011110011001111111001
0011110010000010110010100000010101000010101101111110110101010110
0011011001110010111101111100100101010111011000000010000010110111
0010111101111110001001010100001010100011100110000101011000101110
0000110110001101001001000101100110111110010010000000100011101100
0000101100010101011101111010000010011111010100001101001001101010
0000101100010101010000000001001010100100000000001010001011001110
1001010001011101101000011001111001000110011101000011101110100101
0010100100111010011001001110010010101100000001110001101101101000
1001010111101001100010111100100001101010101100111011111011101010
0101010100000111100011100000010000110110010100101110000010000011
0000110101101101010101001011010001011011000011000001001100000111
0111110111100010110011110000010111011110001101000101010100001110
0000101010001000101000101010111011100101110011010101111001000101
0101100100111010111100101010001100000100001100101010001001010111
1101011001010011100011000001100111100101111011010100000000110011
1111100000110110101101011000000100101100011011010011100110011011
1101010010010001100001111101101111101001101110001010000101001011
1011011010101001111100000100100110010111101100101100100000001111
0100111010010001110001001001111110011111110111000111100010100011
1100011110000011000000011010110010110100011011010101110010000000
0001001101111110110110010000111001100011111001110011001011100101
0100001011001100111110101000011100101010001010000111010000111011
0010100011010100101010001111000110100000001001100111110001011000
0010001011010100110111100010000000110001101101101000001110110100
1010011111111001001001001101100100111111110001001001101000110011
0001000100101011001010100011101011110000101011011100000000101101
0111000000001110000010011000001001101011010000110010100100100011
1100011001001001101000111001101110010001010101110011001111010000
1100011011101111111000100010010000100001101110101001101001101000
0000011011001110001110001001100100101000111100001100111010001000
0000101111111101111010100111111101010110101101110011101010110110
0110111011001000101101110110011001110000001101010111100011110111
1111010100110101110001100111001111001001001110011100011110010111
1111010001110100100101011011101111100011110001111100110100110001
1111010000100011010001110010001001010100111111111010010000111011
0110100111100000110000010001100000010100101101000010110101010100
1010101000001000010100011101111110101111010101100100101010100111
1011111101101101111000100011110101100111010100011000001110111110
0011010011101001011000110101000111100010100101011010101001111110
0000110111000000001010101011110111100000001101011111100101100010
0010111001101111011010001101001101010101001100110001010111001101
0010000000010010001000000000111010111110101011000100010101101110
1110111011101000111011111101000000000100010000011111011101001101
0111001001000110100100101010111111011011100101110101111011110001
0011001001010000011000010010010101000010110100000100101110001100
0011101010001100010010001101110010101101011010011011000100000000
1011110010001111101110010001001011000100001100111111111110011101
1001101110000111101000001110101101000100111000010111010001000100
1011010010010101111100111100000111010000111111101000010100100001
0101111101000110101001111001000110001001100010010100001101100001
1110101001011000000010011101110011100100011011010010011110010011
0001110100011010110101110101111001011000101100101001000101110000
1011111111110111111011110011000011101001011101010001100001000010
1110111011011000110101110100111110001100101000011110100010110011
1011110101110110001110110010010010010101100100000100100100101100
0110001110010101001110000100101101001001011000010010100111100111
1110000111100011011101001110110010001001010000001010001101110010
0000100001100100010101111111100001011100000001000010011101000101
0000000010000111010010000000111001010111100100011000010111111101
1000011110110010100001100011001011110000100111101100000000000111
1011011100100101100010110010001100010010100101001100001110011000
0010101011010010101010110010000000000100011010111010101100010001
0100010110100001001000011001001001111010000010111110100011101011
1100010011000001010110100000100001010000011001100001001100100000
0010110111100011110111100101010011101100010100110001001000111101
0100111000011000010100001101011001010000010111101111001000111111
0001000100110011011010110111100010001101100100000010110100011100
1000000001111001110001011110110010100100001000010011010000101101
0001001001101101010110101011011101110010111010100110000001000001
1000111100111101011001101100101100101110001110110011101010110001
1101000100111000011010000100011011001110011111011110100111000101
0011010000011001111011011110010011011100000111111111110100100011
0100000010000101001010101001010111010001011111000100100000011011
1010011101101100010110111100000100100011101101010011010000100100
1000101011001110100010010101001001011100010100000110101101010111
1101110111100000111111100010111111001110100110110101101011001110
1110111101110000111010101010101001100101001010100001110111011110
0010010001110000000100001100001011000101110000010110100010000101
0001010101100010001010111100010001100110111110000100111101110001
0100010110000100011001011010011000101101100101011100001011010001
1010000110011100011001111000110111101000101010010100101000000010
1011110111010111011101000001111100001101000100100010101010011100
0110011101000000101001010111101001011010111001101100101010100000
0111111101000000010101001110101001100100111000111010010110101111
1100100010100101001111100100011001000001001100000000000001110111
1111101001100111010110000111000011100000110101110101111011011101
1100110100110101011000010011111101010001010010011100110001110110
1010010100100101001001111101110010101000010000101001010101101010
1000000011110010010110110011001010000110100100101010001010111000
1011010110010101000000001100000000010110100010100101110101011101
1010010001111100011010110111010110100101001000101100001000111101
1011001001101010011001011100110110001101111001000010101100011110
1000100011101000101110011000101100010100110110101110011111111111
0000011100101111101001010100011101010010111001010110011011110110
0000000010001000010110000111000101000101101110000001111010100100
1010010000101100100011111100110001111010101111001101111100001000
1000100101111110000101010101001011101111011010100111001010001001
1101010011101101000000011111110011010100111110100111011010111011
1001111100101001101000011010011001110000001101100110000111100011
0111010010100010001010110101001101100000000000011001111101011011
1000110101110111011110010000110010100100010001110111001011011101
0010101001010001110111000100011111011101111010110001100010100100
0000011111110000010110010001101000100001011110100100011101100111
1111110000111111101110011110010001011000010011111000011010100000
1001101111001111101010100010101011110100000000011100111011111111
0101100101001110110110101001001101101000110000111100000001101100
0111100001100010001011110001110000001000110110110111001011001011
1111101001101000100011011111010101100001100101101011100010001000
0010100001011111000100101101001000111111101111111010001111011000
0011010001001000011001101100111110010000001110100110010011001011
0101101000000011100111111001110101001110111011000000111101111110
0110010001110000011110100010000011100111110110001001011001000000
1101110010010010101110101100100101011010111001100101101000010100
0000101101101001110110001110001100111001101010111001001001011111
1010101001000110111101110110101100010110110101011101110010110010
0111001010111001111010101101111111110100101011100011000101110100
1111010001111100010100110100111000011000001001010010110000010101
0010000110100110111001101000110110101010001101000000011001000000
1100011000000101101111111010011010111110101101000100110101101101
0110000010101100011101100100000111011100101000110111101111011101
0110000010001100011111001101010000001100011110100011001110110110
1100011111010111010110101000100011110110010011111100110110100011
0111010101101101011010001001100101110010111010110010110010011010
1001000110100101010100011110111100001011100101100111011111101011
1001111011110101011101111001011011011000010010010011110101010110
0000010100010101000100011100010111010011101101010011110110000001
0100001010001001001000100100001010011010100001011001110010110100
1110110110110011111001111110110100010100101010101011010000011101
1100011001100001100100010001100110101011101100010010110111010101
0000011111101100001001101001010101001000011001010011111010101101
1111001000111101011100001011000011001011101010100101101101011110
1110010101011010100011011110101100101111010000011111101001111101
0001010110000010111010110100011011100110110110101011001010010111
0100100000000111010100010111001111110000000100000010001010000100
1001101100111010100101011001000000100000011010011111111100101111
0011110010010100111110000001000011000110000100001011100000110010
1001001011110000110000111100010011100111010111100000000110010110
1011011101000111011101001011011110011100111010111011110000111100
1011110111111011001110110110101010011101001110001001011001011001
1010001110100101101101111000110111101101011110010100101110111001
1100110111010101100101011011010100011110001111011110001111101010
1100011100000101111110101011111110011100010010010000011101000100
1101001010001110110000101000011110011000001010011100011010000000
0001101001110110001011101010101100000011100011010000111001011011
1110100111010001111010000001111001101011010011000101010001011100
1101100001110101100001110110110101011010100101101001110011000110
1100000100101000101111100001010001011001101111111101010010110110
1110011000101000000001100101001011000111110011111100111111101011
1101100111111011000101010101100001000011010010001000010010111000
0101010010010010000100001110001000000000011100100110011101010001
