0011100010110100100111110110100111111010001011010010100110111100
1000111000101000000111001110100111110101010101000001010000100111
1001101001011011100000110000001001101101011101011000010111010000
0001010100011001111000001010100000010110110100110101011001100100
0100001001110100100010111011010000001101101101110000101001001110
0100110011110001111101111100011000110001110111001001111100101101
1000100010001110100000110010111101010011000010000011110011010010
1111001110110110001000011010001001101100110111110001000001000101
0011100011011000001100111111010100101111000101110000100110100010
0111111110100011101111100101100110001011000110010000001010110111
1110110111101010111110001001001101011010101000111100011001100111
0111111010110011101110101110000000110101011000001111111000110010
1010101000100011011100110000010011111011000111000100110000000111
0000011110101101110100011010010010011111111110011100001010011011
0010011100001111111010111010100001101110101100111111011111111000
1111100100011011001110001101100001111010010101010101111101011110
1001000100111100110110111101111100101110000100101001100011000011
1000110010010011010010101100110111010100011011000001111111001110
0100001000111010100100010110111111001111010000001101101011000101
0001010000111110010001001101111011010001100010100110111010011100
0101100001101100001000001110011101111101001111111011001101111101
1000110101011000011101000101110010111001011011101011010001011100
1010011000000010100010110101010011001010110000011111100000011001
1111000110010011010010010100101110110111111110000101010110011111
0010001101111001100110100100000000001000010101111001111000101100
0011010000010101101001110100100011100010111011010000010101011001
0110101001111001101100011011100011000111011101111110101000111111
0111001001001010100101000001001100011110011001111101100000101111
0100100111111110101111001111011001001001011110011100010001000110
0111100010010110101100101110110111101110110101000010010100011000
0100010000111100111001111101001100011100010000110010100111100101
0010110110011101010101001000010011111101111000011100100000111000
1001011011001001000110010010010101001110001011000100000000100000
1001110001010101000011111011001011011000110001110011000110001010
0100100000101101000110111010011100101100011000010101000011101101
0011000110110000111110010111100001101011010010010011010101010111
0000000011010110111100010100101100001000000010111111111111010101
0101100010000001111011001010110001111001101101010100000101001001
1000111110101101000111101010100001000011100101000010000100010010
1111110100000110011001010001010111100010011001111101000111100100
0111000111111011101101010000110110101101110011000110111000101000
1101011010111110111010111011001101000000001100011000110110101110
1101011100000011100000001100111101011110010101000101100110110010
1001111000101000010000110011000111010011101101100001100000001010
0100001100010110000110010100000000101111110101101101011111001101
0111111001110001010101010100111001101110101100011101000010001001
0011011110111110010100111011101010011100010001000001100011110111
0110100100110011100001010011111100111010111011001000111111011110
1001100110110011101100011111010101101111111011001000110101001010
1100100011000101011001010000010111111101100101010000010111110100
0011001000010001101111111001111000000000000111110101101110100000
0000100010000000010100110101011111011010001000010101001110010001
0001101111001011011001000000100011000010011011011101011101011001
0110011101010001001000111100111001101100111100001100110011011111
0110111000011011111100000001110011110000010110101000010000011100
1000100001100100100000111010101111110011100011111111001101100100
1011010110111011111111000011110101001011010110101010010110111010
1000000010111101010111111010100001001011011001010000110111001100
0011001000000011110011001001100101011100110111100111001001001110
0100001111101110011111011001011111110011001101001101000110001011
0111011011111100001011101001011111111100111011000110010100011011
0001100010010011010101111010101001111101000010110101100100001011
0010000001000000000111100011011011010010010001001101010100100010
1110101101100010001111111001100001100001000100111100001100110111
1110101100101110111111101001110000100011011011110110100010011100
1000000001101100100101111000010110011010100001110101001010011011
0010111011110110000010011000101100111011100001101100110111111001
0111111010101010001101110100110100011111001010101011010110000110
0110000110000010011110111100011000110111110110111010111100111000
1110101011110000101010000111011000001100011011001000010101010111
0010100001100111101110110100110111011101001101100011000010111101
1011101100001010000100100000101000101011111111000000100000101101
1000011000111110101111111111100000111000011010111010010100101010
1011001000001101100011001001000010110011111100001011100001100000
0110010100000000011111010010110101010110011111111011111000110110
0110000010111111001011010001100011110011101011111111001010101000
0110000001111011011001111001101100000110110010110111010100011100
0100101001100010010110011111000001101011101101000100101111010100
0111111110000111001110000000101110110100100111100110101010101011
0001001101100010110000111110001101110100110010011111111001010001
0000010000110101110111010110001101001101000100111111111011100111
1101011100011111010111111110011110011100111100000001010000101011
0100110010001110101001100111111000101101111000000110100110001001
1000100100110000001100010101100110010011111000110010001101000101
0100110110010111100001000111001101101010100110100010001001100100
0111011000011011100101011100110110101110100011111111111010011010
0010000001010010101011011110111101001011100110110100011110001110
0100111110111111100101110010001100100111111100000001011111101100
1110011001011101101011011100110000100111000111001111110010001001
0111001000100000010110110001000101001100110011101001110101111110
0101001011001000110000010000110101100101011010001010110010111110
1100101100011000111100111101111110100001110101001000010000100111
0001011010011001001100110010110000101111011101101110011101111010
0110001011110101010101110111011111011001100000100100101111101110
1101010100010000110111011001101111010001110111100001001001000010
1010001100110011000010101010000111110100010100110100110110000110
0110010010100111010010110111010010010101111000110110100100001010
0001011101110010110010101011001011100111110011001010101101111101
1011011101000010010101000110111110100111000101000100101000101101
0000111101000000011100011010111111111001111111011111011111101000
1111000011100000010010000101011010101100110101011001011000000001
0110100011001111011010111101001011001000001100100000001010011001
0010111111000100010100000001011011100000001111001011101101100001
0111000001110101011011010100011111110000010100111010110101010111
1111010000101111000010001101001011010100010110101100111100111111
0001010110011110010110000100110100011101010000010101001011111011
1010111100111001001110010111111010100100011101000101101101100010
0110000110010100100101001000100111110011101011101011100110000110
0110001001101111001111100011100100100101011111101100001110011100
1101111111110111101100100010111010110100100001011100010111101110
1110000110111001111100100000001010010010111010101101100100000111
0000101101001000111101000000111101101101111100100110001010111011
1011011001110011010111011000001110011001000111010001011011011110
1011011100011100010001100000100110010010011011110111001110000011
0110110101001010100101011100100101011010000011011000100011110101
0011011000101110101111010010110110011010100011110100000011100110
0110101011111101011101000100001010111010111100100000011001110001
1100000111011101011011011101111010001001010100010011111101100001
0010011111000101001110010010110010101011001000110001000001010001
1011110111000000010011101100101101000101111001011011010001000100
0100001100100111011100110011000111001001000011011110010010010001
0001110000000100010000110000110010001010011000011000001011101110
0111001011110001101101101011011101000100111001001011110101111111
1101000101001010101110111010011010100001011000011111111101101010
0100011000000111100011100110101110001010111010011101101100100010
0110100101001010000011100010010010110010010100000011100111111101
1001111010111100011010000111010010101111110100011101110110100011
0110010000111100010110011010111111011111010111101100010001001111
0001001111011011101010010010001001001000011100110010001110000111
1010010100111101001111000111011011100001001001010010000111010111
0000000110110000010110001010111011110100100100000011101011111001
0010010001111001011100010100000011001101001100101101011001010110
0111111011010101011100000111100101001111110001010110001010010000
1100001111010010111101101001010001101100100111011111010010100101
1010011000100111011000001101101100111011010100100101001111110111
1110101011011111110000101110001010101011100110001110011100001001
1011100111101000010110010101011000111111111010010010110001110010
1010100101110100110000011100101100000110111001000110111101010100
1110110110101011011100000010001100001110110000100100110111111001
1100011000101111110011111000000001101111010110111000000010000110
1111011100010110011000000001111000001101111100101001100001101100
0101110101000111001001111110001011110111101011010111010001000100
1011111000001010110011100001101100011011110100110110100001111011
0001111101111101101101010000101110011001100111101000001000010000
1111001101110000011000000001010011000110111111010010111100011000
0110011000001000001010111110111101110001111000100110011010001001
1101100000010011110100100100001000010010100001010100110011010010
1010111010000111111010011111000011011101011010110011110000010100
0000100001010100010011001010110111101111111000101001111111010010
1110111100011000110100000100100101100101100001011101100100110101
1010010011011111000101001110110110000010001110111000000001101011
0110101100100000101001010110101100110100010100001101100110111110
1010010000010100011101100111000000010011100011001110000110001000
0001001001101011001001010001010110100010011100010000110111101000
1000000100010010001111000111001110000001110000011001001101001111
1111001011101001001011110000011010010011010110011101111000001010
0001011111010001000101010010001110110110101011000011101101100010
1000100110111001000000011001110001000100111011001100101011111011
0011000100100101011011100011001100111010001101010010111000000101
0111111011010011011000101100100011000010110110010010000001000101
1000100001100001011010111100000011100010100011111110111001000001
0110011011011100000110000010000100100000011111111011101000000100
1111010100110101011010000000111101100100001000111100111010001010
0010111111010011011101000111101000000001010101000000111010001100
1011000000101110011111001111001111010111010001100111010001000100
0111111010100010001000101100010010111010011101001101111010010101
0111011100110101010010100100100000001100100000011010111001101000
1111111011110000010010101001100000110110001010111000110001111001
0011010001110110101000100111101111111000110110011000010000010111
0011011010101110100100110111101010000110100001101010110010101011
0110111010010001101100101100010000101010100001001011110101010111
0000111000000010001111100011101101011001000100000010010101111001
1010111010100010010001000111011010010110010010111100101111011100
0010111001001011001111010000010000110111010111001111001011110111
0101000100110010010111110101010110111110100011011000110111000001
1100000000110100001011100111000100000000000011111001101000000110
1011101100101101011001010000011000001110011101011100011110110100
0011110100001010010001000010101001101111010111010011101000000110
1111111001000000011100000010000100010101100110100110011011000111
1011111111011000111100100011111001000110101000001000000001011100
0100010000010011010100100110100010111001101010111111111100111010
0110111001000101011110000101111010010010100010011011001101101000
0011110110001010100111110100010010000011110010010010011010001001
1100100110011000101001000001001001100100000011001111000110101011
0110101000001011010000001101010001110000100110100100001111000001
0000001111110000000000001001001010010100111110110101110100000001
1100110010111000111100110100110110001101101101110100101010000100
1010111001000111010101101011001011110010110101010111111101101000
0000001001111000010110011001101010001001110010101000111011001101
0111110011111101100001100001101000001011101101111000000011001101
1100101001101010000011110010111101010011011110110010000011000010
0111010111100001000011110000010001110111100111110100011111100000
0010100001100010111100001001001001110100001111111100010100110010
0111111101101001101110011000110111110001111001101001001111101111
0101011010111011011001010001111011011011011111100100010010010010
0011000111111101001000111100010001010101101001001010101001110010
0100001100010100100111001000101101000110011110001101010101011001
1000000001010110110100111010000110101010000110010001101100110111
0110111110101001001011100010000101110111101010101100101010100010
0101110011001100011110000001001100001101010111001111100101101000
1010110101100111110010101011000001111011100011011010001110110111
1110010101011101010101001110111011101000010110011000011000111000
0011001111001100000111011010001010010010100000001110000111101110
1001011110001001101111111110011001100110110010100011011101110100
1100110001001010100010101110111100110101000010010001011001010010
0011110101101110110000010000001001010110110100110101111011000001
0010010000110100110001000101011010111001000011001101111000001111
1011110001001011111111101111010000111010110100110001111111111100
1101100110111111111011101100110101001110110111010100101110010000
0010010100010000110110110001000101110000000001011010000001110111
0000000010110011010101010101000001110001101000001001011010000100
0100101011111101100110111110110111010001110010010110001111010001
0100110010001101010100000101000100100011011000011011101001000010
1011001100111111111010001100001111101110101000001111011010001110
1101000010010100110100000110011101001011011101100100101001001111
1000001010100111010101111001101101111011001100001000101001010010
0001101001101101001011111001010101011111110001111001110011101111
0110110000001111111110010111000010111111100100101100011011000101
0100110000111111111011001011101110011010001010100110111000000001
1111011111111000000101001101010011010010100111010101010100101101
1111100001110000101000111100110101111001110100111010110010011001
1101001000100000100011001111000001000010011001110100011011000010
0011001011110000100110111001000011010100110100001011001001101100
0110001011001001011110111011000010000101110101111000001000110000
0000111001000000101100110100101001111101011001101101101101010100
0010011001111111000001001001001001000111000001001100110001001110
0111001011110001101001011000111111010001000011100011011000011000
0011100000111100001101111111010110001011101101011100111111111111
0010011001110010001000001001000100010010001111111100100100000011
1111101111000111010011111110100001010010011111110100100000001010
1000010111001101101011001100000111111001100101100000001001111111
1100001101011101100111001011100011000111100000100010101100100101
0110010001010101101001110000011110000011000101001111001110010100
1001001011000100000110110001010011100110111010111010000001011100
0110011001110011111111101001010000000010100111001011011011110011
0101010111100010011100100001110010001101101101100010111100101110
1011010110110010011010000100010000100100111000010010101101011000
1110100011001000001110110101101111111000011111001111100011000010
1000000011010101010001110001010011011100010001101000110000010001
1111010010100010111110010110010111101111001001000100011001101110
1000111101010011010101100100111011110111100100011010001101010101
1110101000110100010001010111110000000000111000001011101000111110
1100101010111010010001001100110000101111000001001010111001010010
1101001000110110100001001100001000011000000111100110110011100111
1101100000110011001110111100011110000001110010101001010100110001
0010010001010010011101101010100011001111110001101110111101011101
0110000000000011001110110011000110011111101101010000001010000000
1100100101010101010001000100011010100000110011010000110001010111
0111111110010011011000110000100111001000110011100000001011001101
1010001111111111001001011011000101101110001100010000010011101111
0011000000001100000100101100101001101000001100000000000000100001
0010011011000001111100100110111100011010101110110100011001110111
1001001010001010011000000100000110111101110100101101111101111110
1010001011011000110001101010010100111100101001001100100000101110
1001010000001000010011111100010010110001110101110100110010011010
1000101001011111011010011101101101111101011010011101110001111010
1010110101110110000110100001100100101110101011010000111111100111
1011101111100110011100100011011001111000110111001111001011010010
0010101111000011011101011010100000101100111011100010011010100100
0011100101001110100011000010011010001001110011010011110100101110
1010111101101111100001101011101010111000110111000001111111101100
0001100111110111101000100000111111101010100101100001111111111001
0100000001101010100111101001111101100000010001111011101010101100
0001100110000000101110001000111110011010000011111100001011011100
1110001011111000001101110011100100000001001000110111011000100100
1100110100000100101010111011111111100110111011100110011100100000
0101100111110101001111001100000011010111101011001101001100110000
0100011010111011011000010101010100100000111100010001101111011100
0001010101111001001101010011001111011000000101110100110001011111
0100000110000111111110001010111101000101110111110111110000001000
0001010110001001011010001010001000110010100001001011010001101010
0010100000011000110101000110101000100111100001001110001111011011
0110000111001010101111001000111001010101111010101010101100000010
0010111111011111011111000100111011101110011111000111000000011011
1100011110000101010001101010001011101100000101111011010011001111
1101011010111101011101001100011100001000111100110100111111000100
1111010111010100000001000001100101001100000100100001101010101000
0110101001100111111111011011100100010100110111001010110111001100
0101010001001010101010110100111101001111100100010110101101100101
1101100011110011111010010111101100011001000110111101010011111011
0100010001000100011010101001111110011011111100001000111011111111
1010000000101001011101101011001011001010001100110101110111011000
1001111000101011100110111111111100011001110110010000000110000001
1100101100000101011100000101000001001101101101001001000110111101
0010001100110010010010110010010001100110000101100011101100111101
1100110010011100111100101010010000111100011001110000000010101111
1000110100101110001010100100100010011011100101000111110110011001
0011001001000110101000110010100010011111010110110111110011000010
0001001110110001011101011011100100111011011000010011101000010111
0101111000010100010000010011001100101001011100011100000101101100
0011000011011001011011110111001110111010100011011110000100110110
0001000001110111100101101110100011100101001000010011110001110000
0101101101101111110110101011110100000100111001011101111000010011
0010010111100011101111010010010110101101011010000110011011001111
1001101001010100010101011010011011101111001011010000011110010000
1010110100111010101010101100101111011011000101011101100011001001
1110100001000100010011010110000001100001110001001111011010100111
1101100100101100100111101100110111001000111000101001000110111111
1100101101100010110000010100100101111111001111100011101111010010
1010000110101100000001101111100010100001111001111000100100110010
0101111010110100111111101001010010010011000110010100001101100110
1001010101100100011000111100110000111100000000000101000110000011
0111000010110010000111001001110001000110100110001011011001001000
1100100110110001001101110110011100001110111010110110011101011011
0011110111101000101001001011101000001000000001010010110100100000
1111011100110011110011111110011000011100110001111000010000101001
0001010011101000010110010001100101001011010010011100101000110001
1110011001000010010110000001110000011010000110100110000001110111
1101100111110100111111110011000111000001101100000000111000101111
1110011000001010010001000100001001000001101010000000001010101010
0111010001011010111101100111111100001001000101110000110101110110
0001100010101001001101001101011001001101001000110100000001010010
1011100000001000011111000011011100010000010100011001111111100100
1110001101000100000111000000100000001010100111000010110010011000
1100011100001001110100010010100011011110100000101111111111010001
1001010110101110110100010100011100100011001101111000001111001101
0101001101110110011010111000000011110000110101010110101001010111
0100010000010100001110111011000010011011101010001100000010110011
0100111101100001011101101011000100111000010010011101010101001010
0001000110010011110100001100000101000010010101000001100000011101
1101001000001100000001110001111101110101000010101101101000111011
1010001001110010001101100110010101100111001000111011111001010110
1110111110011001110110001010111101001000011111111110001110100110
0001000101101111110100010010000000110010000101011111011101111100
0100000001000011111111111101100111110010110011001100010001111101
1100100000101101000010100011100011010111010001110100010101001110
0101001001000100010101110010010011110100100010011000011010100110
1000000000001000100001100110101101110110001100000011011001110100
0110000001110100000010010001001010111000101100000100111001100101
1011110001000000110000110010101100000100111101001100001101110110
1011000101101000001011011110010010100011011111111100001011011101
0111011010111100010100100011011011001101110100001101000110101100
0001011111000110010001001110100001010100000100011111010111111111
0110110001110101111111001111101011111111011011000010000111010001
1001001010101111110110100011101111010001010110000001101110100001
1111001011111000000101010111110100011011001111001111011101100010
0111001100111100000111101000110110001110110100011100101011111111
0000010111101111110111111011110100011111001001011011101100000010
0010010010011111000011111110101011100111111000111011000011101000
1011110100000100010110000011110111101111111011011110010011011010
0100110111001110010110010101000011110001100101010111111110001101
1010000001001100011101010100110001100001010101010001111011110111
0100111100000100010010110110110001000110110111010101011111100101
1110101111010000000011001111100010101111100000011000010110100011
1001101000011011101000110011010100100111000011001111101001011110
1110001010111011001000011111000110100111010000110001001110011000
0111100011101100010001000010101001000010110001110010101000110100
1110101000111000101101011100000011101101000001101010111000001110
1010001011110011111111110100110001001000100111100011110100010000
1110100111100110110000010011011010110000001101000111011101011010
1111010001000101110001010100001001111101101110100100100001010110
0000110001001001011001101100001101011100001111111100011101000000
0011100011010010101100110010100100001010000110001110011010100001
1000001101000000001011100000100110000110110110101101000010011010
0111111110100101101001011011101001100011011100110001011100011110
0110111011000011011110101010111000100011100010110101111010000010
0100001000101111000111101000000010010001010111101101100001100111
0011111011100101111100101101001010010001100111001010111101001010
1110111100001110110010111100111100010001111110100001011001000011
1100011101110011100111101100110000111111111001010011011001100010
1011110100010011111110010100101111011100011010101001111100011100
0001001100101010010001010000010011111010111100000001001000001011
1100010100111010010011100010000111011101010010001001101110001011
0001101110000011110010100011110110011110011111101110010100101001
1111001101101001101010001011000111110101011011111011101001111010
0011001001001110110011011001100010001110110010110001111000000111
0100101100011100111000010100001011111000001100001101011010011010
0011001010011111110000110101001011010000011101100001010011000111
0011101110010011001001110011000001000001100101110011111011010001
1000010011111101000000010001010000100111010111101100010101110001
1111001010110100101000101011010101100110101010010101010011010000
1100011011011000010101101110111011100101001101100101001011100110
0111000011110010110101010111011100010001000000101011001011001101
0100110111101100111000100110110110000001111010101100011010000100
0100110111101111000010010100001100000101111111110011100001111101
1101011010100001010000001011001011110010101010000101110010101111
0011010111010110001000001111101010110011110110001011000000011111
1100101000101101101101111011111010111110101010011011000010110001
0010111000010110100110000010111100111111101111100010001000111001
0000110111000001010010001010110111101101000010111100100101110101
0010110100110110010110010011101011100011100000011111100110011001
0111011000011101100011011111010101001000001101111101111100000101
1100110110111110011101001000011000100001110100011010010111101111
1001110100000110111011100000110100001110000001011001011100100000
1100011111111100000111101101011010011000010101110100100111010100
0011111101110001000001011100010100100000000111010100110101111101
0100100110011111111111111110101000101000110000001011010101011100
1010100011001011101100000110110111100100011000101101011000111000
1111011000011111101010000101010001011110000000000000100000000000
1101011110100110101011101000100111100011001000001111000001011110
1100100111001110111110111010000010100110101010111111110000011101
1111100110001110001001011111100001010000110110000011010100100110
1110100011111110101011011110111001110100110101110000110010111100
0100101011011110001000101001101100011001101010111011111101001110
0001011010011101100011111110110110001101001110011010100111100100
1011100011011001110000000101101000111010000101111110011011100101
0101000111011010111010111011011111101100111100001010111010100010
1111100010001011010001111110100011111001110010110110110101110111
1101101000010111000001010010011000111001010001110001000101010001
0111010001100101101000110101111101110011001000011010111100101011
0111010110011110010000010100010011010010001101111011100111111110
1011000001100010000011100010000011010001100111101111110011011011
1101001000101011100110101001110000011110101101100011011110101110
0100001111010001111010011111100011101011001000111000011000110000
0101011111110111010100001010110001111011011101010111110100101110
1110000000101001100100000001010001100101111011110010101010101110
0000110100001000001011101100111011011011001000011100111001100010
1100101110110101000110001011001111100110111000000011101001110111
1111000101100001100011100010110000111011001001011101111100101100
1010010110000001101110101100101110100101110000001100010000000110
1100001011000110110100111010110111110011010101001111110000010110
1001010000111110010100111100011010001101111000011100011101010000
1110000000010101100001101011111101000010111011001111111011100110
0011101001000101011010001101101000100000101011001000110111001101
1101101110011010011110010010001111011101000111110011111101001110
0000010100111101000000111101001101001000100100101000010001011001
0111011110110101010100111101001110001110001111111000011011011101
0110001011110100110101010000101110010010110100101001111111001001
0010101010000001010101110000000101000111110010100011110011010100
0110000110000001101001100001010010000000010011100000101111001111
0000010110001100011000101001001010100001100010101000001111001101
1101001110011101011001111101000011001000111110010001000010111111
1000011110010110001010010011010100100110001000011110011001011001
1001001010100010100011011000101101010011101110000100100101101010
1001011001100101010100100110010010100110000000100010111110001001
1011110001101100001000010100110010111010010001111111100100001100
0000001101101001000000110100110111101111010111011111111101110110
0101001110111100111011111111001010010010000001000110101000101011
0000001100010000100111000100010010010010100110011100000001000110
1001110010111000100100000001110101010111101000011001010011001010
0110100000111100110011110111101101101111101111010111001001001101
0010010011000101111001011110101010000010110000010001011110101010
1111001110000011010010000011001000110110010101000010101110000001
0101000101011100001010000110101111000001101110001101011010010001
1110110001111110010111100010110111000111110111111011000101011110
1010110011011101111011000001000111000010100011111011000111100100
0111101111001100111011011001001100111000011001100101011010001110
1101000000000010110110000111000110111010110111100011101100100110
1101100010110101000011001001011101001101100111110100110010101010
1001111110000100000011111000011110110110111100010111110111010101
1000110111101100101110010001100001011010011101110000001011111010
0110110110101111100010110001010110011110101111000010011000010010
0000110101100001110101100101110111001011011011101110010010000110
1011001101101010000000110000110011000110001001000101110011001100
1111101100111010111110001011010010000010101110000010101100111101
0010010111011000100100000000110100111101110001011101100001111000
0110101110000111100011000001000110001100111001000100001001111011
0010101000110000100001010111101101011101000001101001110011101000
0000111010000110000001101100101101101100001010101011100001010111
1011101100111011110111101001001101001100100101111000111010001011
1101010000110010011000110001010010101001100110110011110010000110
0101110001000001000111011100010111010110110010001011011011100010
1110011010111000011011100000100011000101010100001100001100001001
0101000101000011101011100110001110110011111110010010101010101010
1001011011101010000010110011001110001110000100011001010001010000
0101100011010100011001111100010010000101000001101110010100111010
0000000000000011000110011100111001100110111100000001101010011100
1110101110000101000111011010010001010011100111001011110110010111
1110110011110000101000101101001001111011011100111010111100011110
0010101010101100011101010001110101001110110001100000011010110110
1101001111001111010111100001000001010101101000101011100101101111
0001001000011001011001111101001001000001001000111011001110000000
0110000011100100101000100010101010011000001111001001101100110010
0100011100110110000101011111111101111000000001011010111111001010
0010110101001111111111001000100001110111001000011101100110110000
1011111111001101000101000110111100110111110100000001100001000110
1100110010001001111101000000110110101111010110111011010010110000
0011100100001011100001100001110001000101101110111010111011101000
1010011001001111110001010011101111010000111010100100011000110000
1001101111000100101100011101011001110001100100001110001010000010
1000011100000011001000110010001011000111011011000110101100001111
0001101100101110010000011101100000000000110010010100010111110101
0110010110001100111111010101010111010101000010001101000010001011
1011111011110111101001111010011001101110101001011011010111000100
1101000101011100000001011111111011111110011100010101010000001111
0010110011101110001000001001111010111100101010100100100100011101
0100010001001010010101111000100111100100110001011000111111001011
