1001010000001000010011111100010010110001110101110100110010011010
1000101001011111011010011101101101111101011010011101110001111010
1010110101110110000110100001100100101110101011010000111111100111
1000101111111111000100110110101011111000111000011100011100000010
1101110010101100110111001100110011001111010000000100111011011100
1011101111100110011100100011011001111000110111001111001011010010
1111001110110011001011101010010010110101100111010111111010010101
0010101111000011011101011010100000101100111011100010011010100100
0011100101001110100011000010011010001001110011010011110100101110
1110001001000010010000000010011101111110000101100000101001000010
1110010010111001011011101110110011010100000110110110010000011101
1010111101101111100001101011101010111000110111000001111111101100
0001100111110111101000100000111111101010100101100001111111111001
0111100100100010100010011001111100101011111100000111000011111011
0100000001101010100111101001111101100000010001111011101010101100
0001100110000000101110001000111110011010000011111100001011011100
1110001011111000001101110011100100000001001000110111011000100100
1100110100000100101010111011111111100110111011100110011100100000
0100011010110001101100101100100000101111101101010011100110111011
0101100111110101001111001100000011010111101011001101001100110000
1011000010010110010001001000111010100010100110110111111000011001
1010110111011001110100000010100100110011011010100100110111001111
1000101110001110110011110010111100000010010011001110010001010111
0100011010111011011000010101010100100000111100010001101111011100
1010100100110110101111100111111011101010111110000011101000010100
0110010010010011010111011011010010000101000001000110001101001101
0001001111001111011100000101011110001110010010011100110001001011
0001010101111001001101010011001111011000000101110100110001011111
0100000110000111111110001010111101000101110111110111110000001000
1001010111011100101101111000010001001100101001101001011111110100
1000001000110010111011100010000010101111111001001011101011011111
0000010011111001100001101010100111110000110000010101010100100101
0001010110001001011010001010001000110010100001001011010001101010
1000100011010100110111011000111110100010000010011101110000010000
1110000011100000001011000110000010111001110010100110010110101001
0010100000011000110101000110101000100111100001001110001111011011
0110000111001010101111001000111001010101111010101010101100000010
0010111111011111011111000100111011101110011111000111000000011011
1100011110000101010001101010001011101100000101111011010011001111
1100001100100010111001010100101000011111100001010101011001010000
1101011010111101011101001100011100001000111100110100111111000100
1111010111010100000001000001100101001100000100100001101010101000
0110101001100111111111011011100100010100110111001010110111001100
0000110011111100110010011010010110110100111101101000111101110110
0001110011000000010010010010011010110011101100011110001000110000
1010110011100101100010000111111100000111101001110010001011110000
0101010001001010101010110100111101001111100100010110101101100101
1110010100110010111000101010110010010100100100011110111100111000
1101100011110011111010010111101100011001000110111101010011111011
0100010001000100011010101001111110011011111100001000111011111111
1010000000101001011101101011001011001010001100110101110111011000
1111100011100000001011001000011011111100001001011011011110010010
0010011101110100001101001001011101010110111010011100111011101011
0111001011100010101100011101111011110111101111010110101101010110
0101110110100110101010110110111101001101101111100011001000110111
1001111000101011100110111111111100011001110110010000000110000001
0100110011010100100011111111000010100111001011011110110001110010
1100101100000101011100000101000001001101101101001001000110111101
0010001100110010010010110010010001100110000101100011101100111101
1100110010011100111100101010010000111100011001110000000010101111
1000110100101110001010100100100010011011100101000111110110011001
1100111101110010000101000011100101001100111001100001011000110111
0011001001000110101000110010100010011111010110110111110011000010
1100110010100000101010000010011100111110101101111100101011000110
1010010010000000110110010011011101011110000001110101111111100100
0110110111101011001000101000111011010001000111000000111000101100
0001001110110001011101011011100100111011011000010011101000010111
1101110001110100111110000010001110110001111100011011010110100100
0110111011010000010000111101100010000100111110000100001000110000
0010111010011010001110011001010001101001111000100110110010101110
0101111000010100010000010011001100101001011100011100000101101100
0011000011011001011011110111001110111010100011011110000100110110
0001000001110111100101101110100011100101001000010011110001110000
0011001001001111100111001100101111001110111111100011011001010100
1101100100110111111011110110111010110001111101101011011011001110
0101101101101111110110101011110100000100111001011101111000010011
0010010111100011101111010010010110101101011010000110011011001111
0110111000010110100010000111110000011001100100100110011010101101
1001101001010100010101011010011011101111001011010000011110010000
1010110100111010101010101100101111011011000101011101100011001001
1000000001011100100001000100110110101011010100001111110000100111
1000110110101101011000111101111110100011010000101011001000000000
0000001011000100100000110110110011110010110100010001110011101010
1110100001000100010011010110000001100001110001001111011010100111
1101100100101100100111101100110111001000111000101001000110111111
1100101101100010110000010100100101111111001111100011101111010010
1010000110101100000001101111100010100001111001111000100100110010
0101111010110100111111101001010010010011000110010100001101100110
1100110000000001101110100110000011111010110011000010000000001011
0101010000010111100110111110100101001111000000100101000010101000
1101010110000000100110011101010000110111110011111111010111011001
1011010010011111001011100000000111011001000111101000101000110100
1001010101100100011000111100110000111100000000000101000110000011
0010111110000111010101101110111111110001001000010001001010001100
0011100011011010110001110111001111010011111100000111110111010101
0111000010110010000111001001110001000110100110001011011001001000
1100100110110001001101110110011100001110111010110110011101011011
0110110111000100000110110001010001101100010000101001010000010000
1111000001100000100100010110110100111100101000101111111110010111
0000110100110011001100010101110001100101100010101001011011100011
1110001000110000011111101011110100000000101000101000110000110101
0011110111101000101001001011101000001000000001010010110100100000
0000011011000001101110010110000110001110111001001010111111110001
1001111010010011110000100001000100110100010101100001001101111101
0110010100110011100000101011011100100001101100011000000001010100
0000101010000100110100110100111110111110110011010101001110111100
1111011100110011110011111110011000011100110001111000010000101001
1001101010000101001010001111111111110101010101100111000111010110
0001010011101000010110010001100101001011010010011100101000110001
1001110000111110001111010001010100100001000011010100011010000101
0111100100100110001100101010101100010101010100001111111010000001
1110011001000010010110000001110000011010000110100110000001110111
1010001011010010010111011101010101001100111000001111110001111100
1101100111110100111111110011000111000001101100000000111000101111
1000001100000110001010111010001000101011010001111110110010011101
1110011000001010010001000100001001000001101010000000001010101010
1001101000100000101011010010100110000101110101110011100001101110
0111010001011010111101100111111100001001000101110000110101110110
0001100010101001001101001101011001001101001000110100000001010010
0010001100111111011010011100101110000011001111110111001000101100
1011100000001000011111000011011100010000010100011001111111100100
0101100011010101011101000011101101001000111000111000100100111101
1011001001111010111001001100001000111000111000101111110000011010
0101110111001110000011001010000111010001010110011000010100000011
0001000110110010111100101010000000100001111001110010110011101110
1110001101000100000111000000100000001010100111000010110010011000
0001101100101001100011000101110100110010010011111101111110010000
1100011100001001110100010010100011011110100000101111111111010001
1001101000001110101000111110010001100110001100011111101110100111
0010001011100100000101011011010001100100101001111110101001011111
1001010110101110110100010100011100100011001101111000001111001101
1000010001011110010111001001001111100110110100010000100101110010
0110110110010000001100010110111110110101100110010001001111001100
0011100110100101010111001110110111010101001001100010101000010101
1010110101110010111101000000010010101110100011100000010110000001
0101001101110110011010111000000011110000110101010110101001010111
0111100010000011000110111111010101011110001110101100111110011010
0100010000010100001110111011000010011011101010001100000010110011
0100111101100001011101101011000100111000010010011101010101001010
0110111110110010010001110000001111011001001101100111010011011111
0000010001010101111011111011001110011000001110011000011001000110
0001000110010011110100001100000101000010010101000001100000011101
0001000001110111101101010100111111010100101000011000011100000000
1101001000001100000001110001111101110101000010101101101000111011
1010001001110010001101100110010101100111001000111011111001010110
1110111110011001110110001010111101001000011111111110001110100110
0001000101101111110100010010000000110010000101011111011101111100
0110110010010111000101010101001010010010110111110111001110101111
0001110001111010111111110010000100011011010111011100011001100001
1110001000111001100100111111000110111011101000110100010100011101
0100000001000011111111111101100111110010110011001100010001111101
1100100000101101000010100011100011010111010001110100010101001110
1010001110001010011100101111111011111110000101110101110111000110
0111111111001000000001001001000110011100001011110100101111110100
0101001001000100010101110010010011110100100010011000011010100110
1000000000001000100001100110101101110110001100000011011001110100
0110000001110100000010010001001010111000101100000100111001100101
0110011100100011100101101100100010111010010000011110110001110000
1011110001000000110000110010101100000100111101001100001101110110
1010100110010000010001001100110010010110011001100101000111101111
0000000110111001011001010001010110011111110110101110110011001000
1011000101101000001011011110010010100011011111111100001011011101
1100010011111110001011011011011000111110101001001101001001000000
1110101001101001100111111101011101010010010010010010010001101011
0111011010111100010100100011011011001101110100001101000110101100
0001011111000110010001001110100001010100000100011111010111111111
0011100101010100101011010100101110010010010001001100000011001011
0110110001110101111111001111101011111111011011000010000111010001
1001001010101111110110100011101111010001010110000001101110100001
0110100100111001110101001110001111001000000000011010001111101111
1111001011111000000101010111110100011011001111001111011101100010
1110010001000010000111100010100000000011100110011111110000111001
0111001100111100000111101000110110001110110100011100101011111111
1110110110110001000011111101111011011110111001110110000000010010
0000010111101111110111111011110100011111001001011011101100000010
0010010010011111000011111110101011100111111000111011000011101000
1011110100000100010110000011110111101111111011011110010011011010
0010001011000100001100101010111111001111010100101110110000101000
0111100101001010100101011011001110001010010100001110000101110100
0001110111010011111110000001111111101000010000011110110110110101
1100101101010101011110010111010111100010001010100001000000110001
0100001000001110011111110011011011111010101101111100101010010110
1101100001000010100000011001110011100100001000101001010001001001
1100110010011010100100010111111101101110101101100100101111110101
0100110111001110010110010101000011110001100101010111111110001101
1010000001001100011101010100110001100001010101010001111011110111
0010001001011101011000101010111101011001000110110100100001100000
1101011011111101101010101110101100111101001101101101110011110011
0100111100000100010010110110110001000110110111010101011111100101
1110101111010000000011001111100010101111100000011000010110100011
0110001100010001100110000100000101100011110001011111110000000010
1001101000011011101000110011010100100111000011001111101001011110
0001001100010011010111011001011000101000110001000011110001110001
1110001010111011001000011111000110100111010000110001001110011000
0110110011111111010000010011010001001111001110100011101110110000
1100110100000001101100101110110110101010100101000010100010001111
0111100011101100010001000010101001000010110001110010101000110100
1110101111100011010101110001110101100110110011100000111010001110
1110101000111000101101011100000011101101000001101010111000001110
1111100001101010000101001000100001101101110001000110100110001100
1010001011110011111111110100110001001000100111100011110100010000
1110100111100110110000010011011010110000001101000111011101011010
1011110101010000100001101011100000100111101000001010010111001011
0101100110001110100111110010010011001000110010011111000100100010
1111010001000101110001010100001001111101101110100100100001010110
0001001011111010011000011010001110000011110100100101111011011001
0010001010001100001010111000001001101001000011111010110000001110
0000110001001001011001101100001101011100001111111100011101000000
0011100011010010101100110010100100001010000110001110011010100001
0011000000110111111001000001000101001101000100100011111100110001
1110101001101011111110011011011110110110111111111111010101000011
0100010110011100011011101001101011110001000101000111101011101110
1000111111010001010010010011110111111101110011100111110110111010
1000001101000000001011100000100110000110110110101101000010011010
0010101100101000001010111000000000101110110011100001010100110111
1100000000110111011100010001100111101101101001100000101011101110
0000110110000011100000101010010110000010100110100111111100010110
1100110001000010101101011101000000000111001110001101010001111000
0111111110100101101001011011101001100011011100110001011100011110
1111010100111111111111011110100100111111011000010111101011011011
0111001110111010110110001100001100101000000000000111001011101000
1111010111110011001000101011010111010110101010000001100010110110
0110111011000011011110101010111000100011100010110101111010000010
0100001000101111000111101000000010010001010111101101100001100111
1000001001000000011100011000111100101001010001001001110010101000
0011111011100101111100101101001010010001100111001010111101001010
1110111100001110110010111100111100010001111110100001011001000011
0111000101101000011010010100110100100100010110110100010101110110
1100011101110011100111101100110000111111111001010011011001100010
1000000000001011110011101010100100011001100001011100101110111011
0101110110111101101010110110000100110010101011010000010000101110
1011110100010011111110010100101111011100011010101001111100011100
0001001100101010010001010000010011111010111100000001001000001011
0100110111111011101100111000110011000110001101100100101110010111
1100010100111010010011100010000111011101010010001001101110001011
0101111000101001010101101000001011000010010101100001110101101011
0001101110000011110010100011110110011110011111101110010100101001
1111001101101001101010001011000111110101011011111011101001111010
0100010111000011111010001001011001100111010101100011111101000010
0011001001001110110011011001100010001110110010110001111000000111
1011010010101000111000101100000000010001111100110111010111101110
1010000011001010010001110110000101010111111110000011101011101111
0101110100010001110010010110011001100111100010011010010101001111
0001000111011010000011011100111001100110101001011010010011100010
0010101111010010100101000010010101000110001001011010010010011011
0100101100011100111000010100001011111000001100001101011010011010
1101000000111110100010011101101111111001011100010011101000000100
0000100100011100110100000111110101111111000011011010011101110101
0011011110110110011110001011100010010000001000111001100111100011
0100111011100010011010010101110001110100100001011010001111110100
1000010111010111000101101011000011111110100000101101010010100110
0011100110110111101001010101110011110000111100101101010101110100
1011101101101010111111011101101010011000000101011111111011101111
0011001010011111110000110101001011010000011101100001010011000111
0011101110010011001001110011000001000001100101110011111011010001
0000000011010011101000011110110101001101101010010110000001000111
1110001000100100010010000100111111110000000001011100111111001000
1000010011111101000000010001010000100111010111101100010101110001
1111001010110100101000101011010101100110101010010101010011010000
0110111100011000001001011000101001101100011111110110001000001010
0101100000001011011110100001001010111111001011010100101010010010
1100011011011000010101101110111011100101001101100101001011100110
0111000011110010110101010111011100010001000000101011001011001101
0100110111101100111000100110110110000001111010101100011010000100
0100110111101111000010010100001100000101111111110011100001111101
1111110111011100001010011000111000100110000100011010111001000011
1010111011110001000100110001000011000110010101000111111000111101
0001011010000111110000110101010000111100000010000001000101111001
0110000001001000110110101110110010000010011101001100001010011011
1101011010100001010000001011001011110010101010000101110010101111
0101111011000011111001011010000010110011101100000011010011001101
0011010111010110001000001111101010110011110110001011000000011111
1001100110010010001001100100101110100001001001101111000110100010
1100101000101101101101111011111010111110101010011011000010110001
0101010110101001010010010100000010110111111110110110101100101101
0010111000010110100110000010111100111111101111100010001000111001
0000110111000001010010001010110111101101000010111100100101110101
0010110100110110010110010011101011100011100000011111100110011001
0111100110000001001001001110100011111001011111010101101110101100
0010001111000110010010110101000000100000000111110101111001000111
0111011000011101100011011111010101001000001101111101111100000101
1101010001000101011100110110001000111011100100111110111111101111
0110100001011001000110011101010111100010011110101110000110110001
0001101010001011111101110101100101011100000000100000111011111100
0011110101000101110111000001110011100111101101001101101000001101
1100101011101101010101100100110000100010110011110001001001010100
1100110110111110011101001000011000100001110100011010010111101111
0101100110111111000001101001001001000111110001101110110001011101
1101100011111111010011011011000101100110000011011000001101000111
1001110100000110111011100000110100001110000001011001011100100000
1100011111111100000111101101011010011000010101110100100111010100
0100011111110000110111101010001101010000000100011110110100101101
0011111101110001000001011100010100100000000111010100110101111101
0100100110011111111111111110101000101000110000001011010101011100
1010100011001011101100000110110111100100011000101101011000111000
0111110101010010100110011010111100110010000011011000111101001110
0100101111111011000110001101110001010101001011101110110001010010
1110110011111011001001101001000010011000011010001011101010011111
0110110101011011111011010000111000110010110100000100011001011010
1111011000011111101010000101010001011110000000000000100000000000
1101011110100110101011101000100111100011001000001111000001011110
1100100111001110111110111010000010100110101010111111110000011101
1001100100111100001011110100100111001010101001111011000000011000
1111100110001110001001011111100001010000110110000011010100100110
1110100011111110101011011110111001110100110101110000110010111100
0100101011011110001000101001101100011001101010111011111101001110
1001111111110010111011100011011001100111011100110110111011011110
0000101100111101111001001000001110000001110000110000010000010100
1110001110100011001100111110101010000000000011100110110100111011
1101111000101110111111011100101011101010001111110001001011001001
0001011111111001000101010001111110100101101111100000111100110101
1001111110100100001010110010011110010011111010110001011010100101
1000001101011011000110010011001111001011011010111011111101111000
0001011010011101100011111110110110001101001110011010100111100100
1000110111001011110011110101101000111001101100010111001000100110
1011100011011001110000000101101000111010000101111110011011100101
0010101100000111001011101101001011010010101111000001110011111000
0101000111011010111010111011011111101100111100001010111010100010
0011011101000011010010110110100110100111101001101111111001011111
0001110000000000000111010011000010100011111000110000111000000100
0011101001000111001100011010001000111001100010010011000010110000
0111011010001100000011000101110000110000001111100110101000010000
0110111001111101001100010100001010010010100010001100100100011010
1001101111110110010010111010001010011100001001101000011000111100
1110110010001101011001111101101000000001111101111001011110101100
1111100010001011010001111110100011111001110010110110110101110111
0110101101110000011111111000101100101010010101111011010111110000
0001000100100001100001011110111101000011000101001110001000010000
1111011101010101101001000001100010111111001101011000000001101100
1101101000010111000001010010011000111001010001110001000101010001
0111010001100101101000110101111101110011001000011010111100101011
0111010110011110010000010100010011010010001101111011100111111110
1010011100100110000011000010101001001011010100010000100110010011
0100111111111010010110100001001000100111010010101001010111100010
1011000001100010000011100010000011010001100111101111110011011011
1011101110000101111001001011111011000010101010001001110110010000
1011010110001111101011011010110101101010001001110001001100111000
1101001000101011100110101001110000011110101101100011011110101110
0100001111010001111010011111100011101011001000111000011000110000
1111110010000000000100011001101110100110110100000010011100111011
1100011111011001100001111011000000101011100110101000010100111010
0011110001101101010011101100110111010001000011101011111000110001
0000110101111010011000101010001110110100010011101000010001100111
0111111000100011001011100001101101011100011000011100010101111110
1100111100100001010101010010010101011010011001110010110111101101
0000110101011101011011010011001110111111011111001001101010000110
0101011111110111010100001010110001111011011101010111110100101110
1110000000101001100100000001010001100101111011110010101010101110
0000110100001000001011101100111011011011001000011100111001100010
0011100001110000001111011001010001110011001100111010100001100000
1100101110110101000110001011001111100110111000000011101001110111
1111000101100001100011100010110000111011001001011101111100101100
1010010110000001101110101100101110100101110000001100010000000110
1100001011000110110100111010110111110011010101001111110000010110
1001010000111110010100111100011010001101111000011100011101010000
0110010100100101011001001000111100110011101001111000010010101001
1110000000010101100001101011111101000010111011001111111011100110
1010111010111010110011000001011110001111010101111110010111111101
0011101001000101011010001101101000100000101011001000110111001101
1101101110011010011110010010001111011101000111110011111101001110
1001110001110111011101010111110111100011010011101001011011101000
1100110010110111001000101100000010011001010110111110000000100001
0001100000101011010011110110010100101000100100010010110111100100
0000010100111101000000111101001101001000100100101000010001011001
0111001111010001111100100100000100011000001000100101111110011111
0001010101111110011010011010110001001100101110001111011111011111
0110110001100111000101010111011000100100000011001011111110111011
0111011110110101010100111101001110001110001111111000011011011101
0110001011110100110101010000101110010010110100101001111111001001
1001000110000101111000010010100110010110010001111000101001110111
1011101101100011010100111000101110101001101101001001011010000100
0110101100001111100101000010111100110001001010010000101011101001
1000000011111010011010110010010000111111011010111111111000111001
0111000010010111111100010000010011100111010000110111001011110001
0010101010000001010101110000000101000111110010100011110011010100
1010010000101000000000001100001010010000101011000011110100101111
0110000110000001101001100001010010000000010011100000101111001111
0000010110001100011000101001001010100001100010101000001111001101
1110111111101100110001001111111011110000110011101101011011110000
1101001110011101011001111101000011001000111110010001000010111111
1001110011110010110110010010101110101111010101111110100001100001
1000011110010110001010010011010100100110001000011110011001011001
1010011001010000001011100101100101010011010101111010110010001010
1001001010100010100011011000101101010011101110000100100101101010
1000010001111001101010011001001001100110011001001001011111111111
1001011001100101010100100110010010100110000000100010111110001001
0000001001001100001000110010110011010111010110011011010000111001
0001001111101100110100010001000100000110101001000100000110000011
1110101111011110100010000011111111100101010000110100011110110111
0000001100010001101111101111100000011000000101011001111111101110
1011110001101100001000010100110010111010010001111111100100001100
0000001101101001000000110100110111101111010111011111111101110110
0101001110111100111011111111001010010010000001000110101000101011
1001110010110010001000011011011100000010011000111101111000111110
0000001100010000100111000100010010010010100110011100000001000110
1110001001001010101100011100001000100011110101001100111101101110
1001100000110010011010101110101010011001000101101110001111011001
1001110010111000100100000001110101010111101000011001010011001010
0110100000111100110011110111101101101111101111010111001001001101
0010010011000101111001011110101010000010110000010001011110101010
1111001110000011010010000011001000110110010101000010101110000001
0101000101011100001010000110101111000001101110001101011010010001
1110110001111110010111100010110111000111110111111011000101011110
1010110011011101111011000001000111000010100011111011000111100100
1100010111010111010110111111110001000100111001111101010110110010
0011011100010110111100111000011111000101010100010001000011001100
0111101111001100111011011001001100111000011001100101011010001110
0001011001000000011101011000011101101000010101111110000010111110
0100011100010000001001010100110010001010010100010000110000011100
1101000000000010110110000111000110111010110111100011101100100110
1101101000111011111001000111010100110111010000011100111100111100
1000111111010001010001000000111001011011101001001001011001010000
1101100010110101000011001001011101001101100111110100110010101010
0000000000110000011100101000011100001000010011011101111101100000
0010110011000011101111101011001011011111111111000100000110110100
1110010110001001011011011000101100101110100100100100100001110001
1001111110000100000011111000011110110110111100010111110111010101
0001000011000111010111101011011011011010011010011111011100111010
0010011001010000110010111000010111100111011011000100100110010101
1001111001111000011111001111101111111111100010000111011011101000
1000110111101100101110010001100001011010011101110000001011111010
0110110110101111100010110001010110011110101111000010011000010010
0000110101100001110101100101110111001011011011101110010010000110
1011100100011110100010010110000000011110111100100000011000000001
1011001101101010000000110000110011000110001001000101110011001100
0110001011111101110011010010100011000110011010100010001100111001
1111101100111010111110001011010010000010101110000010101100111101
0010010111011000100100000000110100111101110001011101100001111000
0110101110000111100011000001000110001100111001000100001001111011
1001110000111100101101011001001110101110111111000000000010100000
0010101000110000100001010111101101011101000001101001110011101000
0000001000011011111111101110011010101110011010111000010001001001
1011101100100111001110000111001000000101011111111001110011010111
0000111010000110000001101100101101101100001010101011100001010111
1011101100111011110111101001001101001100100101111000111010001011
0111110110000111010001000010100010110101101111100110010101110101
1111101011101100000000110010011010000101111000001101011000010110
1101010000110010011000110001010010101001100110110011110010000110
0100101110100100011101111010101011000001001000001110101010110100
0010111000101011010011111011110000001100011100110100111011010000
0101110001000001000111011100010111010110110010001011011011100010
0000100111101010000000010110010101000111000111010010110101110111
0000100011001111000100010100111101000100001011101001001001010010
1110011010111000011011100000100011000101010100001100001100001001
1110010011100101100001100001011110011110011111010000100111111110
0101000101000011101011100110001110110011111110010010101010101010
1001011011101010000010110011001110001110000100011001010001010000
0101100011010100011001111100010010000101000001101110010100111010
0111001100100110111101001101101101111001111111010100010101001011
1110001000111101000101010101000110111000000000010001011010011110
1110101111010111100011101000011110111111110111000110001111100010
1010001110001000111011011101000000000111101000010000001010111110
1110001111001111010011011010111101101001000111110010101101101100
1100101111111100110010001010010000011110010000111000001101000101
0010001010110001111101100001011101000101100010000001110011111010
0000000000000011000110011100111001100110111100000001101010011100
1110101110000101000111011010010001010011100111001011110110010111
1110110011110000101000101101001001111011011100111010111100011110
1110111101001011110110111011101111100101011101001010010001110011
0010101010101100011101010001110101001110110001100000011010110110
1101001111001111010111100001000001010101101000101011100101101111
1111100001001100111111101100111111111001101111100011110011011010
0001001000011001011001111101001001000001001000111011001110000000
0101011010000100000000000100110000111111101111101100101000010000
0101100111010110011100100010011000110011011100010010101100101011
0110000011100100101000100010101010011000001111001001101100110010
0100011100110110000101011111111101111000000001011010111111001010
0111100010000110111101011000101011000011111000111100100011000110
1010110000011100010100010011010010100110100000100111010000100101
0011111000100010001100110000101001010010111001101001000101011010
1001101110010010010000111010101111110001101011001001101100001001
1011110001100100001101000011100101101111100101000000100001011011
0010110101001111111111001000100001110111001000011101100110110000
0000111001110000011010110110011000110011100011101000001000011111
0101000110011010110100010011100111000011001000001000000110001011
1011111111001101000101000110111100110111110100000001100001000110
0011000010100100110100011111001100100010100010100001001101001111
1100110010001001111101000000110110101111010110111011010010110000
1101010111010111100000100100011000100111101110000100000101011001
0011100100001011100001100001110001000101101110111010111011101000
1010011001001111110001010011101111010000111010100100011000110000
0100001100011010100100111100000111101100011001101111100111110110
0001010011000011111001111100100010000101011101100011100000001010
1001101111000100101100011101011001110001100100001110001010000010
1000011010011101010011101010100100110111100010110010111000110010
1000011100000011001000110010001011000111011011000110101100001111
1110011100110010100111011000000000100100010110110111011101100011
0001100001100010101011001100010100100010010100001100101011101111
0001101100101110010000011101100000000000110010010100010111110101
0100001000111010110011001101000110100111000000011110100101011101
1100111110011111101100100111110111101111100110010101101111111111
0100100110111111000001110110111010000111101000101000110010110010
0011111101100011100111010101011010100000111001110011000001101011
1000110000110100110111010101100100111001001011110101111101010111
0010111011100100000001000100011111000001011111011001101010010000
0110010110001100111111010101010111010101000010001101000010001011
1011111011110111101001111010011001101110101001011011010111000100
1101000101011100000001011111111011111110011100010101010000001111
0010110011101110001000001001111010111100101010100100100100011101
0100010001001010010101111000100111100100110001011000111111001011
